   0.00000  719.20828  731.46620   12.25793 -163.98095 -140.47467   23.50628 
   1.00000  626.82056  632.38406    5.56350  -41.88118  -67.04681  -25.16563 
   2.00000  603.76077  584.46296  -19.29781  -14.83676  -33.11709  -18.28033 
   3.00000  586.43851  560.18742  -26.25109  -14.31064  -17.43003   -3.11939 
   4.00000  574.19327  546.84906  -27.34421  -11.89496  -10.16860    1.72636 
   5.00000  562.00842  538.57829  -23.43013  -11.61887   -6.79874    4.82012 
   6.00000  551.05977  532.66408  -18.39569  -10.85583   -5.22637    5.62946 
   7.00000  540.79707  527.85418  -12.94289   -7.96872   -4.48429    3.48443 
   8.00000  534.77253  523.57013  -11.20241   -6.36428   -4.12581    2.23847 
   9.00000  527.33527  519.54461   -7.79066   -7.68462   -3.94463    3.73999 
  10.00000  519.73684  515.65406   -4.08277   -7.28808   -3.84545    3.44263 
  11.00000  512.72710  511.84130   -0.88580   -7.32981   -3.78426    3.54555 
  12.00000  505.36419  508.07977    2.71558   -6.08816   -3.74074    2.34743 
  13.00000  500.31182  504.35712    4.04529   -5.76942   -3.70549    2.06393 
  14.00000  493.47272  500.66750    7.19478   -7.12457   -3.67418    3.45039 
  15.00000  486.82849  497.00812   10.17963   -5.18446   -3.64481    1.53965 
  16.00000  482.99245  493.37755   10.38510   -3.84774   -3.61644    0.23130 
  17.00000  478.68325  489.77504   11.09179   -4.28043   -3.58866    0.69177 
  18.00000  474.48378  486.20011   11.71633   -4.36918   -3.56125    0.80793 
  19.00000  470.12437  482.65244   12.52807   -3.81970   -3.53413    0.28557 
  20.00000  466.95165  479.13176   12.18011   -2.61714   -3.50726   -0.89012 
  21.00000  464.26266  475.63784   11.37518   -3.97144   -3.48061    0.49083 
  22.00000  458.99591  472.17047   13.17456   -5.31788   -3.45417    1.86371 
  23.00000  454.13579  468.72944   14.59365   -4.62213   -3.42794    1.19420 
  24.00000  449.75130  465.31453   15.56323   -4.11315   -3.40191    0.71124 
  25.00000  445.77148  461.92556   16.15407   -4.11041   -3.37608    0.73433 
  26.00000  441.43933  458.56231   17.12298   -4.57174   -3.35045    1.22129 
  27.00000  436.96499  455.22460   18.25960   -3.69229   -3.32501    0.36728 
  28.00000  434.16027  451.91222   17.75195   -2.07636   -3.29978   -1.22342 
  29.00000  431.84656  448.62498   16.77842   -4.47390   -3.27473    1.19917 
  30.00000  425.40819  445.36269   19.95450   -6.03389   -3.24988    2.78401 
  31.00000  420.63529  442.12516   21.48987   -3.94892   -3.22522    0.72370 
  32.00000  416.87690  438.91220   22.03530   -4.90797   -3.20075    1.70722 
  33.00000  410.98331  435.72361   24.74029   -5.13366   -3.17646    1.95720 
  34.00000  407.08805  432.55921   25.47116   -3.28816   -3.15236    0.13579 
  35.00000  403.92846  429.41882   25.49036   -3.71333   -3.12845    0.58488 
  36.00000  399.89598  426.30225   26.40627   -3.07610   -3.10472   -0.02862 
  37.00000  398.00679  423.20931   25.20253   -1.22018   -3.08118   -1.86100 
  38.00000  396.62792  420.13984   23.51191   -2.93112   -3.05781   -0.12669 
  39.00000  392.42618  417.09364   24.66746   -3.15930   -3.03462    0.12468 
  40.00000  390.42455  414.07053   23.64598   -2.98972   -3.01161   -0.02189 
  41.00000  386.29144  411.07035   24.77891   -3.58926   -2.98878    0.60048 
  42.00000  383.42676  408.09291   24.66616   -3.46978   -2.96612    0.50365 
  43.00000  379.51494  405.13804   25.62310   -2.87814   -2.94364   -0.06551 
  44.00000  377.84997  402.20557   24.35560   -1.43239   -2.92133   -1.48894 
  45.00000  376.21483  399.29533   23.08049   -1.78055   -2.89919   -1.11864 
  46.00000  374.21457  396.40714   22.19257   -2.36571   -2.87722   -0.51151 
  47.00000  371.79835  393.54083   21.74248   -1.63473   -2.85542   -1.22069 
  48.00000  370.90658  390.69624   19.78966   -1.05308   -2.83379   -1.78071 
  49.00000  369.36771  387.87320   18.50549   -1.65935   -2.81232   -1.15297 
  50.00000  367.40643  385.07154   17.66512   -2.98628   -2.79102    0.19526 
  51.00000  363.70937  382.29111   18.58175   -3.15978   -2.76988    0.38990 
  52.00000  361.47520  379.53174   18.05653   -1.57623   -2.74890   -1.17267 
  53.00000  359.83524  376.79326   16.95801   -3.19204   -2.72808    0.46395 
  54.00000  355.32823  374.07551   18.74728   -3.71634   -2.70743    1.00891 
  55.00000  352.83809  371.37835   18.54026   -2.50704   -2.68693   -0.17989 
  56.00000  350.09410  368.70160   18.60750   -2.50884   -2.66659   -0.15775 
  57.00000  348.04671  366.04512   17.99841   -1.32228   -2.64640   -1.32412 
  58.00000  347.10338  363.40874   16.30536   -1.47037   -2.62637   -1.15600 
  59.00000  344.77972  360.79232   16.01260   -2.91601   -2.60650    0.30951 
  60.00000  341.60264  358.19569   16.59305   -3.06526   -2.58677    0.47848 
  61.00000  339.03294  355.61872   16.58578   -1.69824   -2.56720   -0.86897 
  62.00000  337.91232  353.06124   15.14892   -1.79187   -2.54778   -0.75591 
  63.00000  335.63600  350.52311   14.88710   -0.85885   -2.52851   -1.66966 
  64.00000  335.92963  348.00418   12.07454   -1.06141   -2.50938   -1.44797 
  65.00000  333.47767  345.50430   12.02663   -1.29795   -2.49040   -1.19245 
  66.00000  333.38260  343.02332    9.64072   -1.24878   -2.47157   -1.22279 
  67.00000  330.83518  340.56111    9.72593   -1.92473   -2.45288   -0.52815 
  68.00000  329.77505  338.11751    8.34246   -1.42409   -2.43434   -1.01024 
  69.00000  327.71412  335.69239    7.97826   -2.28308   -2.41593   -0.13285 
  70.00000  325.50332  333.28560    7.78227   -1.71622   -2.39767   -0.68145 
  71.00000  324.05835  330.89700    6.83865   -2.18015   -2.37955   -0.19940 
  72.00000  321.12350  328.52645    7.40295   -2.87099   -2.36157    0.50943 
  73.00000  318.83732  326.17382    7.33650   -1.21991   -2.34372   -1.12382 
  74.00000  318.18703  323.83896    5.65193   -1.69171   -2.32601   -0.63430 
  75.00000  315.20547  321.52175    6.31627   -3.26402   -2.30844    0.95558 
  76.00000  312.36928  319.22204    6.85275   -1.75788   -2.29100   -0.53313 
  77.00000  311.46365  316.93970    5.47605   -1.40798   -2.27370   -0.86572 
  78.00000  309.34698  314.67459    5.32761   -1.76989   -2.25653   -0.48664 
  79.00000  307.92284  312.42660    4.50376   -2.02131   -2.23949   -0.21818 
  80.00000  305.28151  310.19557    4.91406   -2.53963   -2.22258    0.31705 
  81.00000  303.19564  307.98139    4.78576   -1.72950   -2.20580   -0.47630 
  82.00000  302.00494  305.78393    3.77899   -0.30872   -2.18915   -1.88043 
  83.00000  302.46423  303.60305    1.13882    0.90976   -2.17263   -3.08239 
  84.00000  303.13491  301.43863   -1.69628   -0.48422   -2.15623   -1.67201 
  85.00000  301.31831  299.29055   -2.02776   -2.59532   -2.13996    0.45536 
  86.00000  298.64819  297.15867   -1.48951   -1.98839   -2.12381   -0.13542 
  87.00000  297.71434  295.04288   -2.67146   -0.23287   -2.10779   -1.87492 
  88.00000  298.16394  292.94305   -5.22089    1.74827   -2.09189   -3.84016 
  89.00000  300.23874  290.85905   -9.37968    0.01258   -2.07612   -2.08870 
  90.00000  297.86409  288.79078   -9.07331   -3.13114   -2.06046    1.07068 
  91.00000  295.16457  286.73810   -8.42647   -1.09983   -2.04492   -0.94509 
  92.00000  295.14428  284.70089  -10.44339   -1.61605   -2.02950   -0.41345 
  93.00000  291.67826  282.67905   -8.99921   -3.15904   -2.01421    1.14483 
  94.00000  289.36627  280.67244   -8.69383   -2.67940   -1.99902    0.68038 
  95.00000  286.84898  278.68096   -8.16801   -0.08886   -1.98396   -1.89510 
  96.00000  288.66284  276.70449  -11.95835    0.39261   -1.96901   -2.36162 
  97.00000  287.11718  274.74291  -12.37427   -1.16882   -1.95417   -0.78535 
  98.00000  286.80058  272.79611  -14.00447   -0.46993   -1.93945   -1.46952 
  99.00000  285.97675  270.86397  -15.11278   -0.70003   -1.92484   -1.22481 
 100.00000  285.17857  268.94639  -16.23218   -1.88149   -1.91034   -0.02886 
 101.00000  282.54149  267.04325  -15.49824   -1.78854   -1.89596   -0.10742 
 102.00000  281.89638  265.15444  -16.74194   -0.51819   -1.88168   -1.36349 
 103.00000  281.18166  263.27985  -17.90181   -0.60552   -1.86751   -1.26199 
 104.00000  280.51826  261.41938  -19.09889   -1.22568   -1.85346   -0.62777 
 105.00000  278.78286  259.57290  -19.20995   -1.61866   -1.83951   -0.22084 
 106.00000  277.41414  257.74033  -19.67381   -1.39518   -1.82566   -0.43048 
 107.00000  275.77267  255.92154  -19.85113   -2.32699   -1.81192    0.51506 
 108.00000  273.17897  254.11644  -19.06252   -1.45865   -1.79829   -0.33964 
 109.00000  272.82534  252.32492  -20.50042   -0.74219   -1.78476   -1.04257 
 110.00000  271.33928  250.54688  -20.79240   -1.59323   -1.77134   -0.17811 
 111.00000  269.96154  248.78221  -21.17933   -0.87511   -1.75802   -0.88291 
 112.00000  269.38727  247.03081  -22.35646   -0.91893   -1.74480   -0.82587 
 113.00000  267.71053  245.29257  -22.41796   -2.88466   -1.73168    1.15298 
 114.00000  264.35842  243.56741  -20.79101   -1.66963   -1.71866   -0.04903 
 115.00000  264.34675  241.85521  -22.49154   -0.56361   -1.70575   -1.14214 
 116.00000  262.51261  240.15589  -22.35672   -2.48932   -1.69293    0.79639 
 117.00000  259.70730  238.46933  -21.23797   -2.89064   -1.68021    1.21044 
 118.00000  257.11462  236.79544  -20.31918   -1.97255   -1.66758    0.30496 
 119.00000  255.85060  235.13413  -20.71647   -0.83839   -1.65506   -0.81667 
 120.00000  255.32962  233.48530  -21.84433    0.13659   -1.64262   -1.77922 
 121.00000  255.48799  231.84885  -23.63914   -1.46307   -1.63029   -0.16722 
 122.00000  252.57465  230.22469  -22.34996   -2.18991   -1.61805    0.57186 
 123.00000  251.36768  228.61272  -22.75496   -1.89338   -1.60590    0.28748 
 124.00000  248.64607  227.01286  -21.63321   -2.59945   -1.59385    1.00561 
 125.00000  246.77994  225.42500  -21.35494   -0.60549   -1.58188   -0.97639 
 126.00000  247.06622  223.84906  -23.21717   -0.22854   -1.57001   -1.34147 
 127.00000  245.99482  222.28494  -23.70987   -1.14556   -1.55823   -0.41267 
 128.00000  245.10761  220.73256  -24.37505   -0.35187   -1.54654   -1.19467 
 129.00000  244.85775  219.19183  -25.66593   -1.66226   -1.53494    0.12732 
 130.00000  242.19219  217.66265  -24.52954   -1.20708   -1.52343   -0.31635 
 131.00000  242.61860  216.14494  -26.47366   -0.18553   -1.51201   -1.32647 
 132.00000  241.67934  214.63860  -27.04073    0.21469   -1.50067   -1.71537 
 133.00000  242.98137  213.14357  -29.83781    0.78693   -1.48942   -2.27635 
 134.00000  242.51803  211.65973  -30.85830   -1.93492   -1.47826    0.45667 
 135.00000  239.88501  210.18702  -29.69799   -1.38161   -1.46718   -0.08557 
 136.00000  240.12755  208.72534  -31.40221    0.66096   -1.45619   -2.11715 
 137.00000  240.43694  207.27461  -33.16233   -0.55015   -1.44528   -0.89513 
 138.00000  239.00197  205.83475  -33.16722   -1.45933   -1.43445    0.02488 
 139.00000  237.48215  204.40568  -33.07647   -2.70853   -1.42371    1.28482 
 140.00000  234.00120  202.98730  -31.01390   -2.34956   -1.41305    0.93651 
 141.00000  232.93321  201.57955  -31.35366   -1.36099   -1.40247   -0.04149 
 142.00000  230.80519  200.18233  -30.62286   -2.61953   -1.39197    1.22755 
 143.00000  228.24590  198.79557  -29.45033   -1.26144   -1.38156   -0.12012 
 144.00000  227.93708  197.41919  -30.51789   -1.61046   -1.37122    0.23924 
 145.00000  225.12559  196.05311  -29.07248   -1.58682   -1.36096    0.22586 
 146.00000  225.16814  194.69724  -30.47090    0.47415   -1.35078   -1.82493 
 147.00000  225.13634  193.35152  -31.78482   -1.57529   -1.34068    0.23462 
 148.00000  222.33339  192.01586  -30.31753   -1.98688   -1.33065    0.65623 
 149.00000  221.35109  190.69019  -30.66090   -1.60051   -1.32070    0.27980 
 150.00000  218.72873  189.37443  -29.35430   -3.14260   -1.31083    1.83177 
 151.00000  215.50520  188.06850  -27.43669   -2.84400   -1.30103    1.54296 
 152.00000  213.27749  186.77234  -26.50515   -1.88745   -1.29131    0.59614 
 153.00000  211.86912  185.48586  -26.38326   -0.28193   -1.28166   -0.99973 
 154.00000  212.28954  184.20899  -28.08055   -0.39283   -1.27209   -0.87926 
 155.00000  210.98480  182.94165  -28.04315   -0.78495   -1.26259   -0.47763 
 156.00000  210.91691  181.68378  -29.23312   -0.24045   -1.25316   -1.01271 
 157.00000  210.30756  180.43531  -29.87225   -0.39471   -1.24380   -0.84909 
 158.00000  209.75700  179.19615  -30.56085   -2.12874   -1.23452    0.89422 
 159.00000  206.44214  177.96624  -28.47590   -2.15181   -1.22531    0.92650 
 160.00000  205.53849  176.74552  -28.79297   -2.04397   -1.21616    0.82781 
 161.00000  202.38112  175.53389  -26.84723   -1.98798   -1.20709    0.78089 
 162.00000  201.79655  174.33131  -27.46523   -0.85621   -1.19809   -0.34187 
 163.00000  200.36234  173.13770  -27.22464   -1.18580   -1.18915   -0.00335 
 164.00000  199.66278  171.95299  -27.70979   -0.22328   -1.18028   -0.95700 
 165.00000  199.54060  170.77711  -28.76349   -1.07026   -1.17148   -0.10122 
 166.00000  197.90206  169.61000  -28.29206   -0.00733   -1.16275   -1.15542 
 167.00000  199.11972  168.45159  -30.66813   -0.65511   -1.15409   -0.49898 
 168.00000  196.38364  167.30180  -29.08184   -2.31079   -1.14549    1.16530 
 169.00000  195.25464  166.16059  -29.09405   -0.74868   -1.13695   -0.38828 
 170.00000  194.71092  165.02787  -29.68305    0.01811   -1.12849   -1.14659 
 171.00000  194.72204  163.90359  -30.81844   -1.41825   -1.12008    0.29817 
 172.00000  191.90555  162.78769  -29.11786   -2.81602   -1.11174    1.70428 
 173.00000  189.83073  161.68009  -28.15065   -1.11441   -1.10347    0.01095 
 174.00000  189.37274  160.58073  -28.79201   -0.90513   -1.09526   -0.19013 
 175.00000  187.83259  159.48956  -28.34303   -1.44112   -1.08711    0.35402 
 176.00000  186.78191  158.40650  -28.37541   -0.53103   -1.07902   -0.54799 
 177.00000  186.39754  157.33150  -29.06605   -1.25006   -1.07099    0.17907 
 178.00000  184.26477  156.26449  -28.00028   -1.86583   -1.06303    0.80280 
 179.00000  182.69616  155.20542  -27.49074   -2.71460   -1.05512    1.65948 
 180.00000  179.56082  154.15422  -25.40659   -0.45933   -1.04728   -0.58795 
 181.00000  181.34118  153.11084  -28.23034    0.08745   -1.03950   -1.12695 
 182.00000  178.93692  152.07521  -26.86172   -2.77143   -1.03177    1.73965 
 183.00000  176.65565  151.04727  -25.60838   -1.87120   -1.02411    0.84709 
 184.00000  175.33376  150.02697  -25.30679   -0.68858   -1.01650   -0.32792 
 185.00000  174.97034  149.01425  -25.95609   -0.80680   -1.00895   -0.20215 
 186.00000  173.71735  148.00904  -25.70830   -0.90208   -1.00146   -0.09939 
 187.00000  173.40597  147.01130  -26.39467    0.09869   -0.99403   -1.09272 
 188.00000  173.64377  146.02096  -27.62281    0.09266   -0.98665   -1.07931 
 189.00000  173.19748  145.03797  -28.15951   -1.52597   -0.97933    0.54663 
 190.00000  170.93758  144.06228  -26.87530   -1.51255   -0.97207    0.54048 
 191.00000  170.06805  143.09382  -26.97423   -2.25032   -0.96486    1.28546 
 192.00000  166.75891  142.13254  -24.62636   -1.58145   -0.95770    0.62375 
 193.00000  166.77194  141.17839  -25.59354   -1.46426   -0.95060    0.51365 
 194.00000  163.54616  140.23132  -23.31485   -2.86254   -0.94356    1.91898 
 195.00000  161.93725  139.29126  -22.64599   -0.29191   -0.93657   -0.64466 
 196.00000  162.43196  138.35816  -24.07379   -0.29290   -0.92963   -0.63672 
 197.00000  161.36116  137.43198  -23.92917   -0.06381   -0.92274   -0.85894 
 198.00000  162.45227  136.51266  -25.93961    1.16373   -0.91591   -2.07964 
 199.00000  162.86545  135.60014  -27.26530   -1.16319   -0.90913    0.25406 
 200.00000  160.50151  134.69438  -25.80713   -2.10783   -0.90240    1.20543 
 201.00000  159.71340  133.79533  -25.91807    1.55930   -0.89572   -2.45503 
 202.00000  162.52988  132.90292  -29.62696    0.58548   -0.88910   -1.47457 
 203.00000  160.38073  132.01712  -28.36361   -2.23308   -0.88252    1.35057 
 204.00000  158.81445  131.13787  -27.67659   -2.14006   -0.87599    1.26407 
 205.00000  156.78702  130.26512  -26.52191    0.69983   -0.86952   -1.56934 
 206.00000  159.46097  129.39882  -30.06215    0.33870   -0.86309   -1.20179 
 207.00000  157.15492  128.53892  -28.61599   -1.25322   -0.85671    0.39651 
 208.00000  157.69323  127.68538  -30.00785    0.55569   -0.85038   -1.40608 
 209.00000  157.68379  126.83814  -30.84565   -0.33488   -0.84410   -0.50922 
 210.00000  157.02362  125.99716  -31.02646   -0.99186   -0.83787    0.15399 
 211.00000  155.81661  125.16239  -30.65422   -1.26142   -0.83168    0.42974 
 212.00000  154.65813  124.33379  -30.32434   -0.70236   -0.82554   -0.12319 
 213.00000  153.89693  123.51129  -30.38564   -2.33193   -0.81945    1.51248 
 214.00000  150.09447  122.69487  -27.39960   -3.62226   -0.81340    2.80885 
 215.00000  147.29054  121.88447  -25.40607   -2.25943   -0.80741    1.45202 
 216.00000  145.27414  121.08005  -24.19410   -2.42982   -0.80145    1.62837 
 217.00000  142.44747  120.28155  -22.16592   -2.41407   -0.79554    1.61852 
 218.00000  140.50775  119.48895  -21.01881   -2.05040   -0.78968    1.26072 
 219.00000  138.12825  118.70218  -19.42607   -2.62549   -0.78386    1.84163 
 220.00000  135.32528  117.92121  -17.40407   -2.71070   -0.77809    1.93261 
 221.00000  132.49364  117.14599  -15.34764   -4.05145   -0.77236    3.27910 
 222.00000  127.95926  116.37648  -11.58278   -2.47619   -0.76667    1.70952 
 223.00000  127.81765  115.61264  -12.20501    0.33029   -0.76103   -1.09131 
 224.00000  127.63169  114.85442  -12.77727   -1.05774   -0.75542    0.30232 
 225.00000  125.90958  114.10178  -11.80780   -1.28070   -0.74987    0.53083 
 226.00000  125.38758  113.35467  -12.03291   -0.15975   -0.74435   -0.58460 
 227.00000  125.23315  112.61306  -12.62009   -0.72660   -0.73888   -0.01228 
 228.00000  124.13734  111.87690  -12.26044   -0.53552   -0.73345   -0.19793 
 229.00000  124.62684  111.14615  -13.48069    1.85197   -0.72806   -2.58003 
 230.00000  126.96329  110.42078  -16.54251    0.80180   -0.72271   -1.52451 
 231.00000  125.61704  109.70073  -15.91631   -2.95478   -0.71740    2.23738 
 232.00000  122.43729  108.98597  -13.45132   -0.91917   -0.71213    0.20704 
 233.00000  123.87622  108.27646  -15.59976    1.36099   -0.70690   -2.06789 
 234.00000  124.06676  107.57216  -16.49460   -1.01056   -0.70171    0.30884 
 235.00000  122.32097  106.87302  -15.44795   -1.04521   -0.69656    0.34865 
 236.00000  122.12200  106.17902  -15.94298   -0.58490   -0.69145   -0.10655 
 237.00000  120.86071  105.49011  -15.37060   -1.46881   -0.68638    0.78243 
 238.00000  119.40346  104.80624  -14.59722   -1.13771   -0.68135    0.45636 
 239.00000  118.19838  104.12740  -14.07099   -2.69989   -0.67635    2.02354 
 240.00000  114.47594  103.45352  -11.02242   -2.22113   -0.67140    1.54973 
 241.00000  113.83929  102.78459  -11.05471   -1.49865   -0.66648    0.83217 
 242.00000  111.18436  102.12055   -9.06380   -2.03949   -0.66160    1.37789 
 243.00000  109.84947  101.46138   -8.38809   -2.06944   -0.65675    1.41268 
 244.00000  107.03130  100.80703   -6.22427   -2.29941   -0.65195    1.64746 
 245.00000  105.44811  100.15747   -5.29064   -1.56148   -0.64718    0.91430 
 246.00000  103.56645   99.51266   -4.05379   -2.60670   -0.64244    1.96426 
 247.00000  100.86845   98.87257   -1.99588   -0.90448   -0.63774    0.26673 
 248.00000  101.67443   98.23716   -3.43726    0.56317   -0.63308   -1.19625 
 249.00000  101.16564   97.60640   -3.55924   -1.40249   -0.62845    0.77404 
 250.00000   99.18592   96.98024   -2.20568   -1.70332   -0.62386    1.07946 
 251.00000   97.79030   96.35866   -1.43163   -2.13129   -0.61930    1.51198 
 252.00000   95.11160   95.74162    0.63002   -1.99568   -0.61478    1.38090 
 253.00000   94.14656   95.12909    0.98252   -0.37376   -0.61029   -0.23653 
 254.00000   93.98426   94.52102    0.53676   -0.26627   -0.60584   -0.33957 
 255.00000   93.25676   93.91740    0.66064   -1.37893   -0.60142    0.77751 
 256.00000   91.18838   93.31817    2.12979   -2.57502   -0.59703    1.97799 
 257.00000   88.32663   92.72332    4.39669   -3.22320   -0.59268    2.63052 
 258.00000   85.44353   92.13280    6.68927   -0.99389   -0.58836    0.40553 
 259.00000   85.97637   91.54659    5.57022   -0.13143   -0.58407   -0.45265 
 260.00000   84.31305   90.96465    6.65160   -2.83445   -0.57982    2.25463 
 261.00000   80.85991   90.38694    9.52703   -3.04759   -0.57559    2.47200 
 262.00000   78.52521   89.81345   11.28824   -2.25027   -0.57140    1.67887 
 263.00000   76.24484   89.24413   12.99929   -2.09474   -0.56725    1.52749 
 264.00000   74.39575   88.67895   14.28320   -1.52402   -0.56312    0.96090 
 265.00000   72.96115   88.11788   15.15673   -1.98084   -0.55902    1.42182 
 266.00000   70.54402   87.56089   17.01687   -1.93786   -0.55496    1.38290 
 267.00000   69.20110   87.00796   17.80686   -1.44544   -0.55092    0.89451 
 268.00000   67.56968   86.45904   18.88935   -1.24829   -0.54692    0.70137 
 269.00000   66.51168   85.91411   19.40243   -1.82037   -0.54295    1.27742 
 270.00000   64.00814   85.37313   21.36499   -2.10781   -0.53900    1.56881 
 271.00000   62.55317   84.83609   22.28291   -1.30247   -0.53509    0.76737 
 272.00000   61.19540   84.30294   23.10754   -1.43011   -0.53121    0.89891 
 273.00000   59.63938   83.77366   24.13428   -1.78310   -0.52735    1.25574 
 274.00000   57.85918   83.24822   25.38904   -1.09414   -0.52353    0.57061 
 275.00000   57.26057   82.72659   25.46602   -1.26848   -0.51973    0.74874 
 276.00000   55.29464   82.20874   26.91410   -1.48218   -0.51597    0.96621 
 277.00000   54.34482   81.69465   27.34983   -1.65645   -0.51223    1.14422 
 278.00000   52.31928   81.18428   28.86500   -0.48067   -0.50852   -0.02785 
 279.00000   53.33511   80.67760   27.34249    0.69397   -0.50484   -1.19881 
 280.00000   52.98510   80.17459   27.18950   -1.17925   -0.50118    0.67807 
 281.00000   51.34373   79.67522   28.33149   -1.30988   -0.49756    0.81232 
 282.00000   50.53927   79.17947   28.64020   -0.91291   -0.49396    0.41895 
 283.00000   49.48704   78.68730   29.20026   -0.74760   -0.49039    0.25721 
 284.00000   49.08655   78.19868   29.11214   -0.31409   -0.48684   -0.17275 
 285.00000   48.69316   77.71360   29.02045   -0.64080   -0.48333    0.15747 
 286.00000   47.95727   77.23202   29.27475   -0.20966   -0.47983   -0.27018 
 287.00000   48.14243   76.75392   28.61149   -0.34273   -0.47637   -0.13364 
 288.00000   47.19665   76.27927   29.08262   -0.78112   -0.47293    0.30819 
 289.00000   46.72098   75.80805   29.08707   -0.56858   -0.46952    0.09906 
 290.00000   45.95907   75.34023   29.38116   -0.85727   -0.46613    0.39114 
 291.00000   45.06469   74.87577   29.81108   -0.92932   -0.46277    0.46655 
 292.00000   44.23364   74.41467   30.18103   -0.44754   -0.45944   -0.01190 
 293.00000   44.06945   73.95689   29.88744   -0.44615   -0.45613   -0.00998 
 294.00000   43.36761   73.50241   30.13480   -0.21492   -0.45284   -0.23793 
 295.00000   43.49021   73.05120   29.56098   -0.56034   -0.44958    0.11076 
 296.00000   42.17878   72.60323   30.42445   -1.29463   -0.44635    0.84828 
 297.00000   41.28296   72.15849   30.87554   -0.30257   -0.44314   -0.14057 
 298.00000   41.24516   71.71695   30.47179   -0.94416   -0.43995    0.50421 
 299.00000   39.65206   71.27859   31.62653   -0.46534   -0.43679    0.02856 
 300.00000   40.46153   70.84337   30.38184    0.68301   -0.43365   -1.11666 
 301.00000   40.59804   70.41128   29.81324   -0.01785   -0.43053   -0.41268 
 302.00000   40.61691   69.98229   29.36538    0.32043   -0.42744   -0.74787 
 303.00000   41.10935   69.55639   28.44704    0.16052   -0.42437   -0.58489 
 304.00000   40.70684   69.13354   28.42669   -0.86218   -0.42133    0.44085 
 305.00000   39.39130   68.71372   29.32242   -2.07185   -0.41831    1.65354 
 306.00000   37.21872   68.29691   31.07819   -0.68604   -0.41531    0.27073 
 307.00000   38.06654   67.88309   29.81655    0.87151   -0.41233   -1.28384 
 308.00000   38.34121   67.47224   29.13103    0.02786   -0.40938   -0.43724 
 309.00000   37.91311   67.06433   29.15122   -1.49127   -0.40645    1.08482 
 310.00000   35.65698   66.65933   31.00235   -1.91301   -0.40354    1.50947 
 311.00000   34.48796   66.25724   31.76928   -0.62977   -0.40065    0.22912 
 312.00000   33.89615   65.85802   31.96187   -1.80445   -0.39779    1.40666 
 313.00000   31.38368   65.46166   34.07798   -0.61727   -0.39494    0.22232 
 314.00000   32.47621   65.06813   32.59192   -0.14390   -0.39212   -0.24822 
 315.00000   30.53567   64.67741   34.14174   -2.02061   -0.38932    1.63129 
 316.00000   28.83883   64.28949   35.45066   -2.13078   -0.38654    1.74425 
 317.00000   26.53192   63.90433   37.37240   -1.26136   -0.38378    0.87758 
 318.00000   26.01568   63.52192   37.50624   -1.71455   -0.38104    1.33351 
 319.00000   23.08685   63.14224   40.05538   -2.18298   -0.37832    1.80466 
 320.00000   21.85295   62.76526   40.91231   -1.72991   -0.37563    1.35428 
 321.00000   19.42595   62.39097   42.96503   -2.46009   -0.37295    2.08714 
 322.00000   17.48734   62.01935   44.53201   -0.61475   -0.37030    0.24446 
 323.00000   17.68312   61.65038   43.96725   -1.10148   -0.36766    0.73382 
 324.00000   15.28740   61.28403   45.99663   -1.30332   -0.36504    0.93828 
 325.00000   15.04412   60.92028   45.87616   -1.77817   -0.36245    1.41572 
 326.00000   12.01519   60.55913   48.54394   -1.16293   -0.35987    0.80306 
 327.00000   12.84347   60.20054   47.35707    0.22083   -0.35731   -0.57814 
 328.00000   11.63741   59.84450   48.20709   -1.92704   -0.35477    1.57227 
 329.00000    9.37192   59.49099   50.11907   -2.11723   -0.35225    1.76498 
 330.00000    7.36726   59.13999   51.77273   -2.77296   -0.34975    2.42320 
 331.00000    4.08905   58.79148   54.70243   -2.55443   -0.34727    2.20715 
 332.00000    2.64995   58.44544   55.79549   -0.74139   -0.34481    0.39659 
 333.00000    2.28658   58.10185   55.81527   -0.26421   -0.34237   -0.07816 
 334.00000    1.84428   57.76070   55.91642   -0.76698   -0.33994    0.42704 
 335.00000    0.81417   57.42197   56.60779   -1.08241   -0.33753    0.74488 
 336.00000    0.07442   57.08563   57.01121    0.31767   -0.33514   -0.65281 
 337.00000    1.11665   56.75168   55.63502    0.32552   -0.33277   -0.65829 
 338.00000    0.45207   56.42008   55.96801   -0.75002   -0.33042    0.41960 
 339.00000   -0.07094   56.09083   56.16178   -0.45756   -0.32808    0.12948 
 340.00000   -0.42610   55.76391   56.19001   -0.11287   -0.32576   -0.21289 
 341.00000   -0.41797   55.43930   55.85727   -0.40765   -0.32346    0.08419 
 342.00000   -0.96965   55.11698   56.08663    0.41696   -0.32118   -0.73814 
 343.00000    0.47253   54.79694   54.32440    1.37283   -0.31891   -1.69174 
 344.00000    1.69437   54.47915   52.78478    2.12350   -0.31666   -2.44016 
 345.00000    4.42026   54.16360   49.74334    1.88640   -0.31443   -2.20084 
 346.00000    5.13019   53.85028   48.72009    0.30461   -0.31222   -0.61683 
 347.00000    5.32220   53.53916   48.21697   -0.14617   -0.31002   -0.16385 
 348.00000    5.25449   53.23024   47.97575    1.05310   -0.30784   -1.36094 
 349.00000    7.16864   52.92349   45.75485    1.25379   -0.30567   -1.55946 
 350.00000    7.26447   52.61889   45.35442   -0.75507   -0.30352    0.45155 
 351.00000    6.35657   52.31644   45.95987    0.18378   -0.30139   -0.48516 
 352.00000    7.81870   52.01611   44.19742    1.72016   -0.29927   -2.01943 
 353.00000    9.39712   51.71790   42.32078    1.81028   -0.29717   -2.10745 
 354.00000   10.94691   51.42177   40.47487   -0.01840   -0.29508   -0.27668 
 355.00000    9.65886   51.12773   41.46887   -0.52693   -0.29301    0.23392 
 356.00000   10.13340   50.83574   40.70235   -0.12753   -0.29096   -0.16343 
 357.00000    9.21220   50.54581   41.33361   -0.72059   -0.28892    0.43167 
 358.00000    8.90400   50.25790   41.35390   -0.29252   -0.28689    0.00562 
 359.00000    8.47081   49.97201   41.50120   -0.65289   -0.28489    0.36800 
 360.00000    7.71251   49.68812   41.97561   -0.41568   -0.28289    0.13279 
 361.00000    7.51496   49.40622   41.89126   -0.68796   -0.28091    0.40705 
 362.00000    6.24536   49.12629   42.88093   -1.52506   -0.27895    1.24611 
 363.00000    4.98913   48.84831   43.85919   -0.02599   -0.27700   -0.25101 
 364.00000    5.80658   48.57228   42.76571   -0.34459   -0.27507    0.06952 
 365.00000    4.31656   48.29817   43.98161   -0.58894   -0.27315    0.31579 
 366.00000    4.99990   48.02598   43.02608    0.80912   -0.27124   -1.08036 
 367.00000    5.60299   47.75568   42.15270    0.70167   -0.26935   -0.97102 
 368.00000    6.38849   47.48727   41.09878    0.59232   -0.26747   -0.85979 
 369.00000    7.00527   47.22073   40.21546    1.38403   -0.26561   -1.64964 
 370.00000    9.11031   46.95605   37.84573    2.16238   -0.26376   -2.42614 
 371.00000   10.76914   46.69320   35.92406    0.45891   -0.26193   -0.72084 
 372.00000   10.55092   46.43219   35.88126    1.16953   -0.26011   -1.42963 
 373.00000   13.02319   46.17298   33.14979    1.50112   -0.25830   -1.75942 
 374.00000   13.10832   45.91558   32.80726   -0.05991   -0.25650   -0.19659 
 375.00000   13.21488   45.65997   32.44509   -0.12467   -0.25472   -0.13005 
 376.00000   12.80340   45.40613   32.60273   -0.67829   -0.25296    0.42533 
 377.00000   12.07987   45.15405   33.07418   -0.24820   -0.25120   -0.00301 
 378.00000   12.16768   44.90372   32.73604   -0.72520   -0.24946    0.47574 
 379.00000   11.10751   44.65513   33.54762    0.81064   -0.24773   -1.05837 
 380.00000   13.72692   44.40825   30.68133    2.19958   -0.24602   -2.44560 
 381.00000   14.82608   44.16308   29.33700    0.94824   -0.24432   -1.19255 
 382.00000   15.52125   43.91961   28.39836   -0.51933   -0.24263    0.27670 
 383.00000   14.08328   43.67783   29.59455   -0.95615   -0.24095    0.71520 
 384.00000   14.01644   43.43771   29.42127    0.36638   -0.23929   -0.60566 
 385.00000   14.26149   43.19925   28.93776   -0.88698   -0.23763    0.64934 
 386.00000   12.55039   42.96244   30.41205   -0.84109   -0.23599    0.60510 
 387.00000   12.99860   42.72726   29.72866    1.03435   -0.23437   -1.26872 
 388.00000   14.00645   42.49370   28.48725    0.29678   -0.23275   -0.52953 
 389.00000   13.49773   42.26175   28.76401   -0.74088   -0.23115    0.50973 
 390.00000   12.98213   42.03139   29.04926    0.28200   -0.22956   -0.51156 
 391.00000   13.69462   41.80263   28.10801   -0.38992   -0.22798    0.16194 
 392.00000   12.19748   41.57543   29.37795   -1.23801   -0.22641    1.01159 
 393.00000   11.89957   41.34980   29.45023    0.97036   -0.22486   -1.19521 
 394.00000   13.47782   41.12572   27.64790    0.22215   -0.22331   -0.44546 
 395.00000   12.29300   40.90317   28.61017   -0.65854   -0.22178    0.43676 
 396.00000   12.67916   40.68215   28.00300    0.69477   -0.22026   -0.91502 
 397.00000   13.41270   40.46265   27.04995    0.77683   -0.21875   -0.99558 
 398.00000   14.09824   40.24465   26.14641    0.39174   -0.21725   -0.60899 
 399.00000   14.32370   40.02814   25.70444    0.60076   -0.21576   -0.81652 
 400.00000   15.26635   39.81312   24.54677    0.57384   -0.21429   -0.78813 
 401.00000   15.54847   39.59957   24.05110    1.10440   -0.21282   -1.31723 
 402.00000   17.01021   39.38747   22.37726   -0.29821   -0.21137    0.08684 
 403.00000   15.02179   39.17683   24.15503   -1.58961   -0.20992    1.37969 
 404.00000   14.63147   38.96762   24.33615    0.35733   -0.20849   -0.56582 
 405.00000   15.59386   38.75984   23.16598    1.77628   -0.20707   -1.98335 
 406.00000   17.29886   38.55348   21.25461   -0.58299   -0.20566    0.37733 
 407.00000   15.04560   38.34852   23.30292   -0.12311   -0.20426   -0.08115 
 408.00000   17.24121   38.14496   20.90375    1.09461   -0.20287   -1.29748 
 409.00000   16.60992   37.94278   21.33287   -0.63482   -0.20149    0.43334 
 410.00000   16.67801   37.74198   21.06397    0.74004   -0.20012   -0.94016 
 411.00000   18.15797   37.54255   19.38457    2.51606   -0.19876   -2.71482 
 412.00000   20.74516   37.34446   16.59931    0.31852   -0.19741   -0.51593 
 413.00000   18.95433   37.14773   18.19340   -1.08296   -0.19607    0.88689 
 414.00000   19.22664   36.95232   17.72568    0.02913   -0.19474   -0.22387 
 415.00000   19.00538   36.75825   17.75286    0.79623   -0.19342   -0.98965 
 416.00000   20.80407   36.56548   15.76141    1.73818   -0.19211   -1.93029 
 417.00000   22.01899   36.37402   14.35503    0.73982   -0.19081   -0.93063 
 418.00000   22.47727   36.18386   13.70659    0.79634   -0.18952   -0.98585 
 419.00000   23.51315   35.99498   12.48184    0.28777   -0.18824   -0.47600 
 420.00000   23.20126   35.80738   12.60612    0.38018   -0.18697   -0.56714 
 421.00000   24.35768   35.62105   11.26337    1.00168   -0.18570   -1.18738 
 422.00000   24.67139   35.43597   10.76458   -0.65078   -0.18445    0.46633 
 423.00000   23.25407   35.25214   11.99807   -1.50957   -0.18321    1.32637 
 424.00000   22.18183   35.06955   12.88772   -0.18707   -0.18197    0.00510 
 425.00000   22.55608   34.88819   12.33211   -0.47681   -0.18075    0.29606 
 426.00000   21.33230   34.70805   13.37574   -0.07666   -0.17953   -0.10287 
 427.00000   22.17959   34.52912   12.34952   -0.68343   -0.17833    0.50510 
 428.00000   20.08990   34.35139   14.26149   -0.77809   -0.17713    0.60096 
 429.00000   20.81799   34.17485   13.35686    0.13814   -0.17594   -0.31408 
 430.00000   19.77662   33.99950   14.22289   -1.74178   -0.17476    1.56701 
 431.00000   18.01564   33.82533   15.80969   -0.72111   -0.17359    0.54752 
 432.00000   18.57240   33.65232   15.07992    1.02915   -0.17243   -1.20157 
 433.00000   19.83759   33.48047   13.64288    2.04442   -0.17127   -2.21569 
 434.00000   22.00244   33.30977   11.30733    0.57446   -0.17013   -0.74459 
 435.00000   20.92288   33.14021   12.21733   -1.24514   -0.16899    1.07615 
 436.00000   20.36113   32.97179   12.61066    0.49958   -0.16786   -0.66744 
 437.00000   21.64881   32.80449   11.15568    0.93023   -0.16674   -1.09698 
 438.00000   21.81499   32.63830   10.82331   -0.09273   -0.16563   -0.07290 
 439.00000   21.39092   32.47323   11.08231   -1.38555   -0.16453    1.22103 
 440.00000   19.41068   32.30925   12.89857   -1.41432   -0.16343    1.25089 
 441.00000   19.04095   32.14636   13.10542    0.48645   -0.16234   -0.64879 
 442.00000   19.98705   31.98456   11.99752    0.55732   -0.16126   -0.71859 
 443.00000   20.16449   31.82384   11.65935    1.02407   -0.16019   -1.18426 
 444.00000   21.71109   31.66418    9.95309    0.22644   -0.15913   -0.38556 
 445.00000   20.54442   31.50558   10.96115   -0.98746   -0.15807    0.82939 
 446.00000   20.30931   31.34803   11.03872    0.24227   -0.15702   -0.39930 
 447.00000   20.79975   31.19153   10.39177    0.28567   -0.15598   -0.44166 
 448.00000   20.84644   31.03606   10.18962    0.31030   -0.15495   -0.46525 
 449.00000   21.41338   30.88162    9.46824    0.32569   -0.15393   -0.47961 
 450.00000   21.49477   30.72820    9.23343    0.26064   -0.15291   -0.41355 
 451.00000   22.07815   30.57580    8.49765    0.71265   -0.15190   -0.86455 
 452.00000   23.03696   30.42440    7.38745    1.79432   -0.15090   -1.94521 
 453.00000   25.19906   30.27400    5.07494    1.02220   -0.14990   -1.17211 
 454.00000   24.93023   30.12459    5.19436   -0.29311   -0.14891    0.14419 
 455.00000   24.95789   29.97617    5.01828   -0.21181   -0.14793    0.06387 
 456.00000   24.62479   29.82872    5.20393    0.21082   -0.14696   -0.35778 
 457.00000   25.29723   29.68224    4.38502    0.33501   -0.14600   -0.48101 
 458.00000   25.11508   29.53673    4.42165   -0.33797   -0.14504    0.19293 
 459.00000   24.86007   29.39217    4.53210    0.18377   -0.14408   -0.32785 
 460.00000   25.18312   29.24856    4.06544   -0.81688   -0.14314    0.67374 
 461.00000   23.63635   29.10589    5.46953   -0.08471   -0.14220   -0.05749 
 462.00000   25.12791   28.96415    3.83624    1.27559   -0.14127   -1.41686 
 463.00000   25.43500   28.82334    3.38834   -0.76928   -0.14035    0.62894 
 464.00000   24.26520   28.68345    4.41826    0.39008   -0.13943   -0.52951 
 465.00000   25.96600   28.54448    2.57847    0.28428   -0.13852   -0.42280 
 466.00000   24.69495   28.40641    3.71146   -0.37701   -0.13762    0.23939 
 467.00000   25.46171   28.26925    2.80754    0.38010   -0.13672   -0.51681 
 468.00000   24.75493   28.13297    3.37804   -2.05107   -0.13583    1.91524 
 469.00000   21.88470   27.99759    6.11288   -2.25831   -0.13494    2.12337 
 470.00000   20.69176   27.86308    7.17132   -0.80318   -0.13407    0.66911 
 471.00000   20.05607   27.72946    7.67338   -0.66505   -0.13319    0.53185 
 472.00000   19.76405   27.59669    7.83264    1.49308   -0.13233   -1.62541 
 473.00000   22.44364   27.46479    5.02116    1.28780   -0.13147   -1.41927 
 474.00000   21.87528   27.33375    5.45847   -0.80420   -0.13062    0.67358 
 475.00000   21.49231   27.20355    5.71124    0.06650   -0.12977   -0.19627 
 476.00000   21.80389   27.07420    5.27031   -0.22929   -0.12893    0.10036 
 477.00000   21.07453   26.94568    5.87115   -0.25030   -0.12810    0.12220 
 478.00000   21.28453   26.81800    5.53347   -0.31000   -0.12727    0.18273 
 479.00000   20.34095   26.69113    6.35019   -0.99212   -0.12645    0.86567 
 480.00000   19.65523   26.56509    6.90986   -0.14796   -0.12564    0.02233 
 481.00000   19.94567   26.43986    6.49419    0.01703   -0.12483   -0.14186 
 482.00000   19.89786   26.31544    6.41757    1.36788   -0.12402   -1.49191 
 483.00000   22.07764   26.19181    4.11417    0.30102   -0.12323   -0.42425 
 484.00000   20.29636   26.06898    5.77262   -1.79521   -0.12243    1.67278 
 485.00000   19.52139   25.94694    6.42556    0.51592   -0.12165   -0.63756 
 486.00000   20.99041   25.82569    4.83528    1.29482   -0.12087   -1.41568 
 487.00000   21.43898   25.70521    4.26622   -0.49891   -0.12009    0.37882 
 488.00000   20.09934   25.58550    5.48616   -1.96157   -0.11932    1.84225 
 489.00000   18.37974   25.46656    7.08682    0.16934   -0.11856   -0.28790 
 490.00000   20.05535   25.34837    5.29302    0.63931   -0.11780   -0.75712 
 491.00000   19.05507   25.23095    6.17588   -1.44925   -0.11705    1.33219 
 492.00000   17.83019   25.11427    7.28408   -0.52713   -0.11630    0.41082 
 493.00000   17.96937   24.99834    7.02896    0.16193   -0.11556   -0.27749 
 494.00000   17.69536   24.88314    7.18779   -1.08693   -0.11483    0.97210 
 495.00000   16.03328   24.76868    8.73540   -1.20433   -0.11410    1.09023 
 496.00000   15.38462   24.65495    9.27032   -1.07059   -0.11337    0.95721 
 497.00000   13.93545   24.54193   10.60649   -0.84480   -0.11265    0.73214 
 498.00000   13.75971   24.42964   10.66993   -0.38754   -0.11194    0.27560 
 499.00000   13.17158   24.31806   11.14648    0.29353   -0.11123   -0.40476 
 500.00000   13.92411   24.20718   10.28307   -0.77870   -0.11052    0.66818 
 501.00000   11.72819   24.09701   12.36881   -1.34043   -0.10982    1.23060 
 502.00000   11.55704   23.98753   12.43049   -0.65621   -0.10913    0.54708 
 503.00000   10.32017   23.87875   13.55858   -0.61036   -0.10844    0.50192 
 504.00000   10.53445   23.77065   13.23620    0.63599   -0.10776   -0.74374 
 505.00000   10.87179   23.66323   12.79144   -1.42878   -0.10708    1.32170 
 506.00000    8.33819   23.55649   15.21830   -0.67822   -0.10640    0.57182 
 507.00000    9.89549   23.45042   13.55493    1.75889   -0.10574   -1.86462 
 508.00000   10.86268   23.34502   12.48233   -0.12308   -0.10507    0.01801 
 509.00000    9.96103   23.24028   13.27924   -0.25884   -0.10441    0.15443 
 510.00000   10.33954   23.13619   12.79666   -0.64521   -0.10376    0.54145 
 511.00000    8.81635   23.03276   14.21641   -0.58252   -0.10311    0.47941 
 512.00000    9.44773   22.92998   13.48224    0.66800   -0.10246   -0.77046 
 513.00000    9.81685   22.82784   13.01099    0.47309   -0.10182   -0.57491 
 514.00000   10.32760   22.72634   12.39874    0.15947   -0.10118   -0.26065 
 515.00000   10.17823   22.62547   12.44723    0.01305   -0.10055   -0.11361 
 516.00000   10.42518   22.52523   12.10005   -0.00522   -0.09993   -0.09471 
 517.00000   10.44082   22.42561   11.98479    1.42293   -0.09930   -1.52223 
 518.00000   12.49088   22.32662    9.83574   -0.42393   -0.09869    0.32524 
 519.00000    9.62873   22.22824   12.59951   -2.23782   -0.09807    2.13974 
 520.00000    9.01558   22.13047   13.11489    0.27813   -0.09746   -0.37559 
 521.00000    9.49226   22.03331   12.54105   -0.71425   -0.09686    0.61739 
 522.00000    8.06158   21.93675   13.87517    0.61866   -0.09626   -0.71492 
 523.00000   10.56771   21.84079   11.27307    1.33563   -0.09566   -1.43130 
 524.00000   10.19528   21.74542   11.55014   -0.07771   -0.09507   -0.01737 
 525.00000   10.53422   21.65064   11.11642   -0.91602   -0.09449    0.82153 
 526.00000    8.72609   21.55645   12.83036   -0.47780   -0.09390    0.38390 
 527.00000    9.80641   21.46283   11.65642    1.08544   -0.09332   -1.17876 
 528.00000   10.10647   21.36980   11.26332   -0.73631   -0.09275    0.64356 
 529.00000    8.55204   21.27733   12.72529   -1.46538   -0.09218    1.37320 
 530.00000    7.52686   21.18544   13.65857   -0.94434   -0.09161    0.85272 
 531.00000    6.75412   21.09411   14.33999   -0.20028   -0.09105    0.10923 
 532.00000    7.05516   21.00334   13.94818    0.37284   -0.09049   -0.46333 
 533.00000    7.18180   20.91312   13.73133   -0.38511   -0.08994    0.29517 
 534.00000    6.47420   20.82346   14.34926   -0.17081   -0.08939    0.08143 
 535.00000    6.72773   20.73435   14.00661   -0.48422   -0.08884    0.39538 
 536.00000    5.47243   20.64578   15.17335   -1.01522   -0.08830    0.92693 
 537.00000    4.97832   20.55775   15.57943   -0.30520   -0.08776    0.21744 
 538.00000    4.66158   20.47026   15.80868   -0.57284   -0.08723    0.48562 
 539.00000    3.90332   20.38329   16.47998   -0.55477   -0.08670    0.46808 
 540.00000    3.74656   20.29686   16.55030    0.22616   -0.08617   -0.31233 
 541.00000    4.31545   20.21096   15.89551    0.81699   -0.08565   -0.90264 
 542.00000    5.24475   20.12557   14.88083    0.87449   -0.08513   -0.95961 
 543.00000    6.08491   20.04070   13.95579    1.25958   -0.08461   -1.34419 
 544.00000    7.40840   19.95635   12.54795    0.13258   -0.08410   -0.21668 
 545.00000    6.50971   19.87251   13.36280   -0.36598   -0.08359    0.28239 
 546.00000    7.05215   19.78917   12.73702    0.90394   -0.08309   -0.98702 
 547.00000    7.62667   19.70634   12.07966   -0.94962   -0.08258    0.86703 
 548.00000    5.49689   19.62400   14.12711   -1.17483   -0.08209    1.09274 
 549.00000    5.46303   19.54216   14.07913   -0.56656   -0.08159    0.48496 
 550.00000    3.84098   19.46081   15.61984   -2.41007   -0.08110    2.32896 
 551.00000    1.17806   19.37996   18.20189   -2.01326   -0.08062    1.93265 
 552.00000    0.13799   19.29958   19.16159   -0.51010   -0.08013    0.42996 
 553.00000   -0.00167   19.21969   19.22136    0.35445   -0.07965   -0.43410 
 554.00000    0.52429   19.14028   18.61599    0.02322   -0.07918   -0.10240 
 555.00000    0.01502   19.06134   19.04632   -0.36684   -0.07870    0.28814 
 556.00000   -0.00711   18.98287   18.98998    0.05304   -0.07823   -0.13127 
 557.00000    0.14926   18.90487   18.75561    0.56586   -0.07777   -0.64362 
 558.00000    0.96174   18.82734   17.86560    0.25310   -0.07730   -0.33041 
 559.00000    0.97548   18.75026   17.77479    1.54288   -0.07684   -1.61972 
 560.00000    3.56534   18.67365   15.10831    0.78937   -0.07639   -0.86576 
 561.00000    2.46347   18.59749   16.13402   -0.47089   -0.07593    0.39496 
 562.00000    3.39321   18.52178   15.12857    1.52555   -0.07548   -1.60104 
 563.00000    5.24920   18.44652   13.19732    2.43687   -0.07504   -2.51190 
 564.00000    7.54452   18.37171   10.82719    0.55682   -0.07459   -0.63141 
 565.00000    6.43149   18.29733   11.86584   -0.94690   -0.07415    0.87275 
 566.00000    6.16975   18.22340   12.05365   -0.55336   -0.07372    0.47965 
 567.00000    5.61388   18.14990   12.53602    0.98691   -0.07328   -1.06019 
 568.00000    7.64399   18.07684   10.43285    0.34897   -0.07285   -0.42182 
 569.00000    6.38246   18.00420   11.62174    0.18734   -0.07242   -0.25976 
 570.00000    8.13069   17.93199    9.80130    0.51373   -0.07200   -0.58573 
 571.00000    7.25941   17.86021   10.60080   -0.11180   -0.07157    0.04023 
 572.00000    8.49478   17.78884    9.29407    2.09503   -0.07116   -2.16619 
 573.00000   10.63673   17.71790    7.08116    0.49656   -0.07074   -0.56729 
 574.00000   10.00889   17.64736    7.63847    1.38200   -0.07033   -1.45233 
 575.00000   13.41368   17.57724    4.16356    2.40425   -0.06992   -2.47417 
 576.00000   14.12633   17.50753    3.38120    0.63140   -0.06951   -0.70091 
 577.00000   14.72515   17.43823    2.71308   -0.71953   -0.06910    0.65043 
 578.00000   12.92384   17.36932    4.44548   -1.32148   -0.06870    1.25278 
 579.00000   12.42818   17.30082    4.87264   -0.65266   -0.06830    0.58435 
 580.00000   11.60840   17.23272    5.62431   -0.32589   -0.06791    0.25798 
 581.00000   12.03354   17.16501    5.13147    1.17758   -0.06751   -1.24510 
 582.00000   13.67740   17.09769    3.42028    1.60461   -0.06712   -1.67173 
 583.00000   14.84920   17.03076    2.18156    0.56541   -0.06674   -0.63214 
 584.00000   14.87836   16.96422    2.08585   -0.14859   -0.06635    0.08224 
 585.00000   14.85632   16.89806    2.04174    0.30809   -0.06597   -0.37406 
 586.00000   15.51743   16.83228    1.31485    0.69629   -0.06559   -0.76188 
 587.00000   16.26469   16.76688    0.50219    1.12999   -0.06521   -1.19520 
 588.00000   17.78981   16.70185   -1.08795    1.85678   -0.06484   -1.92162 
 589.00000   19.47541   16.63720   -2.83821    0.48316   -0.06447   -0.54763 
 590.00000   18.92184   16.57292   -2.34892   -0.11851   -0.06410    0.05441 
 591.00000   19.52303   16.50901   -3.01403    0.36700   -0.06373   -0.43074 
 592.00000   19.59283   16.44546   -3.14737    0.39374   -0.06337   -0.45710 
 593.00000   20.43928   16.38227   -4.05701    1.20739   -0.06301   -1.27039 
 594.00000   21.52699   16.31944   -5.20754    0.00413   -0.06265   -0.06677 
 595.00000   20.50760   16.25698   -4.25062   -0.90752   -0.06229    0.84523 
 596.00000   20.08984   16.19486   -3.89498   -0.22178   -0.06194    0.15984 
 597.00000   19.83244   16.13310   -3.69934   -0.89066   -0.06159    0.82908 
 598.00000   18.78705   16.07169   -2.71536    0.52915   -0.06124   -0.59039 
 599.00000   20.77319   16.01063   -4.76256    1.55680   -0.06089   -1.61769 
 600.00000   21.26599   15.94991   -5.31608   -0.12735   -0.06055    0.06680 
 601.00000   20.98234   15.88953   -5.09281    0.30292   -0.06020   -0.36313 
 602.00000   21.98848   15.82950   -6.15898    1.08428   -0.05987   -1.14415 
 603.00000   22.91799   15.76980   -7.14819    0.84475   -0.05953   -0.90428 
 604.00000   23.73973   15.71044   -8.02928    1.02187   -0.05919   -1.08107 
 605.00000   24.85533   15.65141   -9.20392    0.71093   -0.05886   -0.76979 
 606.00000   25.22473   15.59272   -9.63202    0.70841   -0.05853   -0.76694 
 607.00000   26.26685   15.53435  -10.73250    0.61013   -0.05820   -0.66833 
 608.00000   26.53098   15.47631  -11.05468    0.85497   -0.05788   -0.91285 
 609.00000   27.98378   15.41859  -12.56519    1.23051   -0.05756   -1.28807 
 610.00000   28.70053   15.36119  -13.33934    0.17122   -0.05724   -0.22846 
 611.00000   28.85707   15.30412  -13.55296    1.46430   -0.05692   -1.52122 
 612.00000   31.46265   15.24736  -16.21529    1.93362   -0.05660   -1.99022 
 613.00000   32.50906   15.19091  -17.31814    1.77098   -0.05629   -1.82727 
 614.00000   34.71293   15.13478  -19.57814    0.66005   -0.05597   -0.71602 
 615.00000   33.60746   15.07896  -18.52849   -1.66636   -0.05566    1.61069 
 616.00000   32.32924   15.02345  -17.30579   -0.16786   -0.05536    0.11251 
 617.00000   33.43589   14.96825  -18.46764    1.93448   -0.05505   -1.98953 
 618.00000   35.35475   14.91335  -20.44140    0.58766   -0.05475   -0.64241 
 619.00000   34.59769   14.85875  -19.73894   -0.55548   -0.05445    0.50103 
 620.00000   34.57172   14.80445  -19.76726   -0.37886   -0.05415    0.32471 
 621.00000   33.83737   14.75046  -19.08692   -0.47145   -0.05385    0.41760 
 622.00000   33.81850   14.69675  -19.12174    0.29290   -0.05356   -0.34646 
 623.00000   34.22937   14.64334  -19.58603    0.03536   -0.05326   -0.08862 
 624.00000   34.19289   14.59023  -19.60266    1.03664   -0.05297   -1.08961 
 625.00000   36.40819   14.53740  -21.87079    2.65151   -0.05268   -2.70419 
 626.00000   38.80936   14.48486  -24.32450    1.62347   -0.05240   -1.67586 
 627.00000   39.34297   14.43261  -24.91036   -0.70740   -0.05211    0.65529 
 628.00000   38.18956   14.38064  -23.80892    0.20187   -0.05183   -0.25370 
 629.00000   39.93852   14.32895  -25.60957    1.67011   -0.05155   -1.72166 
 630.00000   41.15125   14.27755  -26.87370    1.64491   -0.05127   -1.69618 
 631.00000   42.99517   14.22642  -28.76875    0.73840   -0.05099   -0.78939 
 632.00000   42.90379   14.17557  -28.72822    0.99017   -0.05071   -1.04089 
 633.00000   45.09805   14.12499  -30.97306    1.76056   -0.05044   -1.81100 
 634.00000   46.09219   14.07469  -32.01751    1.27408   -0.05017   -1.32425 
 635.00000   47.37560   14.02465  -33.35095   -0.23584   -0.04990    0.18594 
 636.00000   45.83523   13.97489  -31.86034   -0.96124   -0.04963    0.91161 
 637.00000   45.87244   13.92539  -31.94705   -0.04178   -0.04936   -0.00759 
 638.00000   45.60175   13.87616  -31.72559    0.02028   -0.04910   -0.06938 
 639.00000   46.00909   13.82719  -32.18190    0.61175   -0.04884   -0.66059 
 640.00000   46.68506   13.77848  -32.90657    0.92484   -0.04858   -0.97341 
 641.00000   47.19789   13.73004  -33.46785   -1.57050   -0.04832    1.52218 
 642.00000   44.01414   13.68185  -30.33229   -1.95464   -0.04806    1.90658 
 643.00000   43.48770   13.63391  -29.85379   -1.95601   -0.04781    1.90821 
 644.00000   40.45928   13.58623  -26.87305   -0.77334   -0.04755    0.72579 
 645.00000   42.23122   13.53881  -28.69241    1.98827   -0.04730   -2.03557 
 646.00000   43.24235   13.49163  -29.75072   -0.35262   -0.04705    0.30557 
 647.00000   41.89300   13.44471  -28.44829   -0.73716   -0.04680    0.69036 
 648.00000   41.98498   13.39803  -28.58695   -0.28849   -0.04655    0.24193 
 649.00000   41.01811   13.35160  -27.66651   -1.35497   -0.04631    1.30866 
 650.00000   39.70515   13.30541  -26.39974   -0.54505   -0.04607    0.49898 
 651.00000   39.91398   13.25947  -26.65451    0.10470   -0.04582   -0.15052 
 652.00000   39.69250   13.21376  -26.47874   -0.19410   -0.04558    0.14852 
 653.00000   39.66058   13.16830  -26.49228    0.19742   -0.04535   -0.24277 
 654.00000   40.00710   13.12307  -26.88403    0.20168   -0.04511   -0.24679 
 655.00000   40.06176   13.07808  -26.98367    0.34198   -0.04487   -0.38685 
 656.00000   40.48177   13.03333  -27.44844   -0.31640   -0.04464    0.27176 
 657.00000   39.35413   12.98880  -26.36532   -1.18171   -0.04441    1.13731 
 658.00000   38.14283   12.94451  -25.19832   -2.15317   -0.04418    2.10900 
 659.00000   35.53085   12.90045  -22.63040   -1.07331   -0.04395    1.02936 
 660.00000   35.73362   12.85662  -22.87700   -1.33892   -0.04372    1.29520 
 661.00000   32.96013   12.81301  -20.14711   -1.14106   -0.04349    1.09757 
 662.00000   33.64407   12.76963  -20.87444   -0.06398   -0.04327    0.02071 
 663.00000   32.50721   12.72647  -19.78074   -0.60287   -0.04305    0.55982 
 664.00000   32.87803   12.68354  -20.19449    0.89148   -0.04282   -0.93430 
 665.00000   34.06620   12.64083  -21.42538    1.50769   -0.04260   -1.55029 
 666.00000   35.41823   12.59833  -22.81990    0.39315   -0.04239   -0.43554 
 667.00000   34.73656   12.55605  -22.18050   -1.24822   -0.04217    1.20605 
 668.00000   33.52305   12.51399  -21.00906   -0.40455   -0.04195    0.36260 
 669.00000   33.88345   12.47215  -21.41130    0.06570   -0.04174   -0.10744 
 670.00000   33.44800   12.43051  -21.01748   -0.30717   -0.04153    0.26565 
 671.00000   33.34775   12.38909  -20.95866   -0.41504   -0.04131    0.37373 
 672.00000   32.92359   12.34788  -20.57571    0.71932   -0.04111   -0.76042 
 673.00000   34.66870   12.30688  -22.36182    1.34951   -0.04090   -1.39041 
 674.00000   35.38375   12.26609  -23.11766    1.16852   -0.04069   -1.20921 
 675.00000   36.83488   12.22550  -24.60938    0.24285   -0.04048   -0.28333 
 676.00000   36.23081   12.18512  -24.04569    0.77708   -0.04028   -0.81736 
 677.00000   38.53097   12.14494  -26.38602    1.91448   -0.04008   -1.95455 
 678.00000   39.62748   12.10497  -27.52251    1.24279   -0.03987   -1.28267 
 679.00000   41.03449   12.06519  -28.96930    0.70789   -0.03967   -0.74756 
 680.00000   41.34545   12.02562  -29.31983    1.61376   -0.03948   -1.65324 
 681.00000   43.78004   11.98624  -31.79380    0.43332   -0.03928   -0.47260 
 682.00000   42.22674   11.94706  -30.27968   -0.67615   -0.03908    0.63707 
 683.00000   42.88492   11.90808  -30.97685    0.25596   -0.03889   -0.29484 
 684.00000   42.29832   11.86929  -30.42903   -1.10848   -0.03869    1.06979 
 685.00000   41.28119   11.83069  -29.45050    0.37142   -0.03850   -0.40992 
 686.00000   42.69866   11.79229  -30.90637    0.33269   -0.03831   -0.37100 
 687.00000   41.63059   11.75408  -29.87652   -1.13953   -0.03812    1.10142 
 688.00000   41.10129   11.71605  -29.38524    0.44189   -0.03793   -0.47982 
 689.00000   42.17672   11.67821  -30.49851    0.27952   -0.03774   -0.31726 
 690.00000   41.76505   11.64056  -30.12448    0.81408   -0.03756   -0.85164 
 691.00000   43.58634   11.60310  -31.98324    0.53281   -0.03737   -0.57018 
 692.00000   42.60926   11.56582  -31.04344   -0.84232   -0.03719    0.80513 
 693.00000   42.53670   11.52872  -31.00797    0.45030   -0.03701   -0.48730 
 694.00000   43.47571   11.49181  -31.98390    1.49302   -0.03682   -1.52984 
 695.00000   45.11438   11.45508  -33.65930    0.86462   -0.03664   -0.90127 
 696.00000   45.31450   11.41852  -33.89597    0.84172   -0.03646   -0.87818 
 697.00000   46.87148   11.38214  -35.48934    1.24776   -0.03629   -1.28405 
 698.00000   47.43188   11.34595  -36.08593    0.00096   -0.03611   -0.03707 
 699.00000   47.08033   11.30992  -35.77041   -0.37156   -0.03594    0.33562 
 700.00000   46.97371   11.27408  -35.69964    0.26091   -0.03576   -0.29667 
 701.00000   47.66484   11.23840  -36.42644    1.11868   -0.03559   -1.15427 
 702.00000   48.97706   11.20290  -37.77416    1.06667   -0.03542   -1.10208 
 703.00000   49.68286   11.16757  -38.51529    0.64727   -0.03524   -0.68252 
 704.00000   50.31787   11.13241  -39.18545    0.42949   -0.03507   -0.46457 
 705.00000   50.62399   11.09742  -39.52657    0.56342   -0.03491   -0.59833 
 706.00000   51.35216   11.06260  -40.28956    0.41685   -0.03474   -0.45159 
 707.00000   51.19618   11.02794  -40.16824   -0.95250   -0.03457    0.91793 
 708.00000   49.89315   10.99346  -38.89969   -0.38339   -0.03441    0.34899 
 709.00000   50.38191   10.95913  -39.42277   -0.12710   -0.03424    0.09286 
 710.00000   49.43868   10.92497  -38.51371   -0.67664   -0.03408    0.64256 
 711.00000   49.08567   10.89097  -38.19470   -0.81640   -0.03392    0.78248 
 712.00000   47.64294   10.85714  -36.78580   -1.86218   -0.03376    1.82842 
 713.00000   45.81275   10.82346  -34.98929   -0.89345   -0.03359    0.85985 
 714.00000   45.60147   10.78995  -34.81152   -1.13244   -0.03344    1.09901 
 715.00000   43.47523   10.75659  -32.71864   -1.66505   -0.03328    1.63177 
 716.00000   42.53209   10.72339  -31.80870   -1.22142   -0.03312    1.18830 
 717.00000   41.23834   10.69035  -30.54799    0.10901   -0.03296   -0.14198 
 718.00000   42.36346   10.65746  -31.70600   -0.20598   -0.03281    0.17317 
 719.00000   40.81804   10.62473  -30.19331   -0.41862   -0.03266    0.38596 
 720.00000   41.64143   10.59215  -31.04928    0.09440   -0.03250   -0.12690 
 721.00000   40.48548   10.55973  -29.92576   -1.89159   -0.03235    1.85924 
 722.00000   38.57023   10.52745  -28.04278   -0.86114   -0.03220    0.82894 
 723.00000   38.94755   10.49533  -28.45222    0.84046   -0.03205   -0.87251 
 724.00000   39.67161   10.46335  -29.20825    0.08352   -0.03190   -0.11542 
 725.00000   39.21092   10.43153  -28.77940    0.00021   -0.03175   -0.03196 
 726.00000   39.67502   10.39985  -29.27517    0.04571   -0.03160   -0.07732 
 727.00000   38.97238   10.36832  -28.60406   -1.44165   -0.03146    1.41019 
 728.00000   37.21467   10.33693  -26.87774   -1.19609   -0.03131    1.16478 
 729.00000   36.82799   10.30569  -26.52230   -0.05691   -0.03117    0.02574 
 730.00000   36.87300   10.27460  -26.59841    0.17705   -0.03102   -0.20807 
 731.00000   36.92194   10.24364  -26.67829   -0.65174   -0.03088    0.62086 
 732.00000   35.84168   10.21283  -25.62884   -0.14172   -0.03074    0.11098 
 733.00000   36.39829   10.18216  -26.21613   -0.64622   -0.03060    0.61562 
 734.00000   34.38444   10.15164  -24.23280   -1.98917   -0.03046    1.95871 
 735.00000   33.01862   10.12125  -22.89738   -0.88901   -0.03032    0.85869 
 736.00000   32.67433   10.09099  -22.58334    0.43056   -0.03018   -0.46074 
 737.00000   33.38558   10.06088  -23.32470   -0.14059   -0.03004    0.11054 
 738.00000   32.15346   10.03091  -22.12256   -1.70146   -0.02991    1.67155 
 739.00000   30.53869   10.00107  -20.53762   -1.02696   -0.02977    0.99719 
 740.00000   30.31668    9.97136  -20.34532    0.46613   -0.02964   -0.49577 
 741.00000   31.01489    9.94179  -21.07310   -0.03167   -0.02950    0.00216 
 742.00000   30.36953    9.91235  -20.45718    0.03864   -0.02937   -0.06801 
 743.00000   31.34145    9.88305  -21.45840    1.13116   -0.02924   -1.16040 
 744.00000   32.46541    9.85387  -22.61153    1.42629   -0.02911   -1.45540 
 745.00000   34.20804    9.82483  -24.38321    1.95751   -0.02898   -1.98649 
 746.00000   36.18677    9.79592  -26.39085    1.93983   -0.02885   -1.96868 
 747.00000   37.62219    9.76714  -27.85506    0.14982   -0.02872   -0.17854 
 748.00000   36.50066    9.73848  -26.76218   -1.75385   -0.02859    1.72526 
 749.00000   34.92133    9.70996  -25.21138   -0.42036   -0.02846    0.39190 
 750.00000   35.62606    9.68156  -25.94451    0.50545   -0.02834   -0.53379 
 751.00000   35.66974    9.65328  -26.01646    0.32044   -0.02821   -0.34865 
 752.00000   36.42253    9.62514  -26.79739    1.11980   -0.02809   -1.14789 
 753.00000   37.44770    9.59711  -27.85059   -0.09834   -0.02796    0.07038 
 754.00000   36.41208    9.56921  -26.84287   -0.60560   -0.02784    0.57776 
 755.00000   36.76631    9.54144  -27.22487    1.18806   -0.02772   -1.21578 
 756.00000   38.23853    9.51378  -28.72475    0.55784   -0.02759   -0.58543 
 757.00000   37.80250    9.48625  -28.31625   -0.28050   -0.02747    0.25303 
 758.00000   38.00763    9.45884  -28.54879    0.32093   -0.02735   -0.34828 
 759.00000   38.28511    9.43154  -28.85356    0.11542   -0.02723   -0.14265 
 760.00000   38.24821    9.40437  -28.84384   -0.08743   -0.02711    0.06032 
 761.00000   38.34217    9.37732  -28.96486    0.64604   -0.02700   -0.67303 
 762.00000   39.51336    9.35038  -30.16298    1.32642   -0.02688   -1.35330 
 763.00000   40.65385    9.32356  -31.33029    0.66055   -0.02676   -0.68731 
 764.00000   40.82463    9.29686  -31.52777   -0.02043   -0.02665   -0.00621 
 765.00000   40.90568    9.27027  -31.63541    0.49503   -0.02653   -0.52156 
 766.00000   41.77314    9.24380  -32.52934    0.92669   -0.02642   -0.95311 
 767.00000   42.30155    9.21744  -33.08412   -0.71343   -0.02630    0.68713 
 768.00000   40.87129    9.19119  -31.68010   -0.08463   -0.02619    0.05845 
 769.00000   42.25214    9.16506  -33.08708    1.00374   -0.02608   -1.02981 
 770.00000   42.39342    9.13904  -33.25438   -0.13390   -0.02596    0.10794 
 771.00000   42.43370    9.11313  -33.32057    0.86882   -0.02585   -0.89467 
 772.00000   43.93061    9.08733  -34.84328    0.90327   -0.02574   -0.92901 
 773.00000   44.12384    9.06164  -35.06219    0.52719   -0.02563   -0.55282 
 774.00000   45.07529    9.03607  -36.03923    0.66084   -0.02552   -0.68636 
 775.00000   45.26493    9.01060  -36.25433   -0.03967   -0.02542    0.01426 
 776.00000   45.12927    8.98523  -36.14404   -0.16817   -0.02531    0.14287 
 777.00000   45.03174    8.95998  -36.07176    0.17941   -0.02520   -0.20462 
 778.00000   45.22786    8.93483  -36.29302   -0.65785   -0.02509    0.63275 
 779.00000   43.90060    8.90979  -34.99081   -0.66343   -0.02499    0.63844 
 780.00000   43.97428    8.88485  -35.08943   -0.18810   -0.02488    0.16322 
 781.00000   42.96433    8.86002  -34.10431   -2.24550   -0.02478    2.22072 
 782.00000   39.99496    8.83529  -31.15967   -2.09343   -0.02468    2.06875 
 783.00000   39.01200    8.81067  -30.20133   -1.18956   -0.02457    1.16499 
 784.00000   37.47680    8.78615  -28.69065   -0.99597   -0.02447    0.97151 
 785.00000   37.09379    8.76173  -28.33206   -0.37149   -0.02437    0.34712 
 786.00000   36.60099    8.73741  -27.86358   -0.36348   -0.02427    0.33921 
 787.00000   36.46331    8.71320  -27.75011    0.21087   -0.02417   -0.23503 
 788.00000   36.79474    8.68908  -28.10565   -0.26894   -0.02407    0.24487 
 789.00000   36.11335    8.66507  -27.44829    0.25907   -0.02397   -0.28304 
 790.00000   37.02856    8.64115  -28.38740   -0.47710   -0.02387    0.45323 
 791.00000   35.22499    8.61734  -26.60765   -1.03522   -0.02377    1.01145 
 792.00000   35.41299    8.59362  -26.81937    0.25634   -0.02367   -0.28001 
 793.00000   35.61146    8.56999  -27.04147    0.95959   -0.02357   -0.98316 
 794.00000   37.04427    8.54647  -28.49781    0.56100   -0.02348   -0.58448 
 795.00000   36.76021    8.52304  -28.23717    0.45828   -0.02338   -0.48166 
 796.00000   37.87101    8.49971  -29.37130    0.06649   -0.02328   -0.08978 
 797.00000   36.72589    8.47647  -28.24942   -1.11395   -0.02319    1.09076 
 798.00000   35.97180    8.45333  -27.51848   -0.97925   -0.02310    0.95615 
 799.00000   34.93405    8.43028  -26.50377   -0.43774   -0.02300    0.41473 
 800.00000   35.28718    8.40732  -26.87986    1.01217   -0.02291   -1.03508 
 801.00000   36.50176    8.38446  -28.11730    0.50492   -0.02282   -0.52773 
 802.00000   36.36745    8.36169  -28.00576    0.44330   -0.02272   -0.46603 
 803.00000   37.51717    8.33901  -29.17816    1.24347   -0.02263   -1.26610 
 804.00000   38.09086    8.31643  -29.77443   -1.34659   -0.02254    1.32405 
 805.00000   35.36736    8.29393  -27.07343   -1.87349   -0.02245    1.85104 
 806.00000   35.32802    8.27153  -27.05649    1.75561   -0.02236   -1.77797 
 807.00000   37.89639    8.24921  -29.64718    1.15409   -0.02227   -1.17637 
 808.00000   37.25573    8.22698  -29.02875   -0.71131   -0.02218    0.68913 
 809.00000   36.93993    8.20485  -28.73508   -0.44590   -0.02209    0.42381 
 810.00000   36.21208    8.18280  -28.02929   -1.31241   -0.02201    1.29041 
 811.00000   34.89806    8.16083  -26.73723    0.34552   -0.02192   -0.36744 
 812.00000   36.66978    8.13896  -28.53082    1.04518   -0.02183   -1.06701 
 813.00000   36.45526    8.11717  -28.33808   -0.57831   -0.02175    0.55657 
 814.00000   36.12753    8.09547  -28.03206    0.71963   -0.02166   -0.74129 
 815.00000   37.49986    8.07385  -29.42600    0.29989   -0.02157   -0.32146 
 816.00000   36.39102    8.05232  -28.33870   -1.56847   -0.02149    1.54698 
 817.00000   34.96457    8.03087  -26.93370   -0.92198   -0.02140    0.90057 
 818.00000   34.66686    8.00951  -26.65734    0.04759   -0.02132   -0.06891 
 819.00000   34.77026    7.98823  -26.78203    0.08316   -0.02124   -0.10440 
 820.00000   34.26544    7.96704  -26.29840   -2.20677   -0.02115    2.18562 
 821.00000   30.75527    7.94592  -22.80934   -3.16800   -0.02107    3.14693 
 822.00000   29.02815    7.92489  -21.10326    0.47244   -0.02099   -0.49343 
 823.00000   30.88804    7.90394  -22.98409    0.43303   -0.02091   -0.45394 
 824.00000   29.65830    7.88308  -21.77523   -0.18603   -0.02083    0.16520 
 825.00000   30.60008    7.86229  -22.73779   -0.25867   -0.02075    0.23792 
 826.00000   28.95684    7.84158  -21.11526   -1.55818   -0.02067    1.53751 
 827.00000   28.38031    7.82096  -20.55935    1.27897   -0.02059   -1.29956 
 828.00000   30.59834    7.80041  -22.79793   -0.13720   -0.02051    0.11669 
 829.00000   28.38441    7.77994  -20.60447   -0.13405   -0.02043    0.11362 
 830.00000   30.63605    7.75955  -22.87650    1.25327   -0.02035   -1.27362 
 831.00000   30.29057    7.73924  -22.55133    0.01429   -0.02027   -0.03457 
 832.00000   30.80836    7.71901  -23.08936   -0.29631   -0.02020    0.27611 
 833.00000   29.59140    7.69885  -21.89255   -1.44091   -0.02012    1.42079 
 834.00000   28.59845    7.67877  -20.91968    0.32383   -0.02004   -0.34387 
 835.00000   29.90222    7.65877  -22.24346    0.56778   -0.01997   -0.58775 
 836.00000   29.40895    7.63884  -21.77011   -0.52369   -0.01989    0.50380 
 837.00000   29.26200    7.61899  -21.64301    0.29496   -0.01981   -0.31478 
 838.00000   29.76089    7.59921  -22.16168   -0.00523   -0.01974   -0.01451 
 839.00000   29.17818    7.57951  -21.59868   -0.60747   -0.01967    0.58781 
 840.00000   28.80120    7.55988  -21.24132   -0.05903   -0.01959    0.03944 
 841.00000   28.87416    7.54032  -21.33384   -0.43856   -0.01952    0.41904 
 842.00000   28.03713    7.52084  -20.51629   -0.47922   -0.01944    0.45977 
 843.00000   28.32831    7.50143  -20.82687    1.44829   -0.01937   -1.46766 
 844.00000   30.18498    7.48210  -22.70288    0.32650   -0.01930   -0.34580 
 845.00000   28.67750    7.46283  -21.21467   -2.03292   -0.01923    2.01369 
 846.00000   26.91275    7.44364  -19.46911   -1.12669   -0.01916    1.10754 
 847.00000   26.54554    7.42452  -19.12102    0.16390   -0.01908   -0.18299 
 848.00000   26.64964    7.40547  -19.24417   -1.00226   -0.01901    0.98324 
 849.00000   24.60575    7.38649  -17.21926   -1.89413   -0.01894    1.87518 
 850.00000   23.42153    7.36759  -16.05395   -0.41401   -0.01887    0.39513 
 851.00000   23.45022    7.34875  -16.10147   -0.47745   -0.01880    0.45864 
 852.00000   22.37345    7.32998  -15.04347   -0.76047   -0.01874    0.74174 
 853.00000   21.95045    7.31128  -14.63917   -0.89987   -0.01867    0.88120 
 854.00000   20.54903    7.29264  -13.25638   -1.24056   -0.01860    1.22196 
 855.00000   19.65328    7.27408  -12.37920   -0.85525   -0.01853    0.83672 
 856.00000   18.88285    7.25558  -11.62726   -0.45797   -0.01846    0.43951 
 857.00000   18.88406    7.23716  -11.64690    0.69228   -0.01839   -0.71068 
 858.00000   19.89091    7.21880  -12.67211    0.49519   -0.01833   -0.51352 
 859.00000   19.41034    7.20050  -12.20984   -1.66783   -0.01826    1.64957 
 860.00000   17.15079    7.18227   -9.96852   -1.33976   -0.01819    1.32156 
 861.00000   16.97704    7.16411   -9.81293   -0.17212   -0.01813    0.15399 
 862.00000   16.50170    7.14601   -9.35569   -0.42176   -0.01806    0.40369 
 863.00000   16.28313    7.12798   -9.15515    0.25759   -0.01800   -0.27558 
 864.00000   16.66059    7.11002   -9.55058   -0.61186   -0.01793    0.59393 
 865.00000   15.15714    7.09212   -8.06502   -1.14590   -0.01787    1.12803 
 866.00000   14.83605    7.07428   -7.76177    0.19067   -0.01781   -0.20847 
 867.00000   15.43763    7.05650   -8.38113    1.26112   -0.01774   -1.27886 
 868.00000   16.61652    7.03880   -9.57772   -0.76763   -0.01768    0.74995 
 869.00000   14.26743    7.02115   -7.24628   -1.19877   -0.01762    1.18116 
 870.00000   14.68598    7.00356   -7.68241    0.31376   -0.01755   -0.33131 
 871.00000   14.37863    6.98604   -7.39259   -0.47198   -0.01749    0.45449 
 872.00000   13.74102    6.96858   -6.77244   -1.13997   -0.01743    1.12254 
 873.00000   12.37156    6.95119   -5.42037   -0.54746   -0.01737    0.53009 
 874.00000   12.30905    6.93385   -5.37520   -1.74667   -0.01730    1.72936 
 875.00000    9.49236    6.91658   -2.57579   -0.28102   -0.01724    0.26378 
 876.00000   11.66754    6.89936   -4.76818    0.78297   -0.01718   -0.80015 
 877.00000   10.61176    6.88221   -3.72955   -0.13518   -0.01712    0.11806 
 878.00000   11.86857    6.86512   -5.00345    1.34725   -0.01706   -1.36432 
 879.00000   12.72274    6.84809   -5.87466    0.19048   -0.01700   -0.20748 
 880.00000   12.38837    6.83111   -5.55726   -0.04778   -0.01694    0.03084 
 881.00000   12.48443    6.81420   -5.67023   -0.86786   -0.01688    0.85098 
 882.00000   10.53543    6.79734   -3.73808   -2.70677   -0.01683    2.68994 
 883.00000    8.31355    6.78055   -1.53300    0.81405   -0.01677   -0.83082 
 884.00000   11.50256    6.76381   -4.73875    1.21780   -0.01671   -1.23450 
 885.00000   10.45286    6.74713   -3.70573    0.65884   -0.01665   -0.67549 
 886.00000   13.03634    6.73051   -6.30584    1.61308   -0.01659   -1.62968 
 887.00000   12.67773    6.71394   -5.96378   -2.16178   -0.01654    2.14525 
 888.00000    9.94450    6.69744   -3.24706   -0.51960   -0.01648    0.50312 
 889.00000   11.65952    6.68099   -4.97853    0.95708   -0.01642   -0.97351 
 890.00000   11.12591    6.66459   -4.46132   -0.77531   -0.01637    0.75895 
 891.00000   10.64397    6.64825   -3.99571   -0.10555   -0.01631    0.08924 
 892.00000   11.12384    6.63197   -4.49187    1.26064   -0.01625   -1.27689 
 893.00000   12.90962    6.61574   -6.29387    1.81270   -0.01620   -1.82890 
 894.00000   14.12345    6.59957   -7.52388   -0.21214   -0.01614    0.19599 
 895.00000   12.88846    6.58346   -6.30500   -0.49172   -0.01609    0.47563 
 896.00000   13.50025    6.56740   -6.93285    0.71276   -0.01603   -0.72880 
 897.00000   13.82468    6.55139   -7.27329   -0.40750   -0.01598    0.39152 
 898.00000   13.06000    6.53544   -6.52456    0.30186   -0.01593   -0.31779 
 899.00000   14.25650    6.51954   -7.73696   -0.05239   -0.01587    0.03652 
 900.00000   13.33247    6.50369   -6.82878    1.19964   -0.01582   -1.21546 
 901.00000   16.63311    6.48790  -10.14521    2.66152   -0.01576   -2.67728 
 902.00000   17.67724    6.47216  -11.20508    0.01210   -0.01571   -0.02781 
 903.00000   17.07638    6.45648  -10.61990   -0.77331   -0.01566    0.75765 
 904.00000   16.73335    6.44085  -10.29250    1.06699   -0.01561   -1.08260 
 905.00000   18.36171    6.42527  -11.93644   -1.04875   -0.01555    1.03320 
 906.00000   15.15598    6.40974   -8.74625   -0.96819   -0.01550    0.95269 
 907.00000   17.04254    6.39426  -10.64828    1.84349   -0.01545   -1.85894 
 908.00000   17.79833    6.37883  -11.41950   -0.09271   -0.01540    0.07731 
 909.00000   17.37863    6.36346  -11.01517    0.70782   -0.01535   -0.72317 
 910.00000   18.95724    6.34814  -12.60910    0.26583   -0.01530   -0.28113 
 911.00000   17.81995    6.33287  -11.48709   -0.58259   -0.01525    0.56734 
 912.00000   18.13892    6.31764  -11.82127    0.09013   -0.01520   -0.10533 
 913.00000   17.82313    6.30247  -11.52066   -0.17142   -0.01515    0.15627 
 914.00000   17.90111    6.28735  -11.61376   -0.13156   -0.01510    0.11647 
 915.00000   17.97451    6.27228  -11.70223    1.85585   -0.01505   -1.87089 
 916.00000   20.92873    6.25726  -14.67147    0.97331   -0.01500   -0.98831 
 917.00000   19.77389    6.24228  -13.53161   -0.58157   -0.01495    0.56662 
 918.00000   20.61637    6.22736  -14.38901    1.72205   -0.01490   -1.73695 
 919.00000   22.45445    6.21248  -16.24197    0.56852   -0.01485   -0.58337 
 920.00000   21.70859    6.19766  -15.51093   -0.85278   -0.01480    0.83797 
 921.00000   21.68946    6.18288  -15.50658    1.89512   -0.01475   -1.90988 
 922.00000   24.72973    6.16815  -18.56158    1.41198   -0.01471   -1.42668 
 923.00000   23.88210    6.15346  -17.72864   -1.60450   -0.01466    1.58984 
 924.00000   22.30599    6.13883  -16.16717   -1.24079   -0.01461    1.22618 
 925.00000   21.55362    6.12424  -15.42938   -0.79844   -0.01456    0.78387 
 926.00000   20.99132    6.10970  -14.88163    0.79712   -0.01452   -0.81164 
 927.00000   22.94600    6.09520  -16.85080    1.68325   -0.01447   -1.69772 
 928.00000   23.87958    6.08075  -17.79883    0.71216   -0.01442   -0.72659 
 929.00000   24.46064    6.06635  -18.39429    0.42151   -0.01438   -0.43589 
 930.00000   24.56248    6.05200  -18.51048   -0.57995   -0.01433    0.56562 
 931.00000   23.35114    6.03769  -17.31345   -1.60456   -0.01429    1.59028 
 932.00000   21.96290    6.02342  -15.93947   -0.12858   -0.01424    0.11434 
 933.00000   22.91874    6.00921  -16.90953    0.52450   -0.01420   -0.53870 
 934.00000   22.64630    5.99503  -16.65127   -0.28452   -0.01415    0.27037 
 935.00000   22.52433    5.98090  -16.54343   -0.23414   -0.01411    0.22003 
 936.00000   22.22183    5.96682  -16.25501    0.03405   -0.01406   -0.04812 
 937.00000   22.33263    5.95278  -16.37985   -0.74801   -0.01402    0.73399 
 938.00000   20.70407    5.93879  -14.76528   -1.60454   -0.01397    1.59057 
 939.00000   19.35832    5.92484  -13.43348   -1.41758   -0.01393    1.40365 
 940.00000   17.68184    5.91093  -11.77091   -2.29554   -0.01388    2.28166 
 941.00000   15.16575    5.89707   -9.26868   -1.45431   -0.01384    1.44047 
 942.00000   14.71002    5.88325   -8.82677   -0.84281   -0.01380    0.82902 
 943.00000   13.03552    5.86948   -7.16604   -2.14146   -0.01375    2.12770 
 944.00000   10.75375    5.85574   -4.89801   -2.10547   -0.01371    2.09176 
 945.00000    9.21310    5.84205   -3.37105   -0.38731   -0.01367    0.37364 
 946.00000    9.39644    5.82841   -3.56803   -1.12394   -0.01363    1.11032 
 947.00000    6.82467    5.81480   -1.00987   -2.09672   -0.01358    2.08314 
 948.00000    5.13362    5.80124    0.66762   -3.53032   -0.01354    3.51678 
 949.00000    0.27122    5.78772    5.51650   -3.24014   -0.01350    3.22664 
 950.00000   -0.66732    5.77424    6.44156   -0.11000   -0.01346    0.09655 
 951.00000   -0.70112    5.76080    6.46192   -0.06373   -0.01342    0.05031 
 952.00000   -1.32499    5.74741    7.07240   -1.91984   -0.01337    1.90646 
 953.00000   -4.22538    5.73406    9.95943   -2.60861   -0.01333    2.59528 
 954.00000   -5.82337    5.72074   11.54411   -0.35316   -0.01329    0.33987 
 955.00000   -5.38480    5.70747   11.09227   -0.08726   -0.01325    0.07401 
 956.00000   -6.36245    5.69424   12.05669   -1.12648   -0.01321    1.11327 
 957.00000   -7.49094    5.68105   13.17199   -1.52483   -0.01317    1.51166 
 958.00000   -9.15470    5.66790   14.82260   -0.95751   -0.01313    0.94438 
 959.00000   -9.42479    5.65479   15.07958   -0.38042   -0.01309    0.36733 
 960.00000  -10.34311    5.64172   15.98483   -1.44155   -0.01305    1.42850 
 961.00000  -12.43311    5.62869   18.06180   -3.12061   -0.01301    3.10760 
 962.00000  -15.92268    5.61570   21.53838   -2.36708   -0.01297    2.35411 
 963.00000  -16.61403    5.60275   22.21678    0.68990   -0.01293   -0.70283 
 964.00000  -15.38546    5.58984   20.97529    0.13799   -0.01289   -0.15089 
 965.00000  -16.41409    5.57696   21.99106   -0.40190   -0.01285    0.38905 
 966.00000  -15.97909    5.56413   21.54322   -0.10390   -0.01281    0.09109 
 967.00000  -16.54027    5.55133   22.09160    0.38279   -0.01278   -0.39556 
 968.00000  -15.14806    5.53858   20.68663    1.61121   -0.01274   -1.62395 
 969.00000  -14.35929    5.52586   19.88514   -1.66543   -0.01270    1.65273 
 970.00000  -17.86575    5.51318   23.37893   -2.19084   -0.01266    2.17818 
 971.00000  -18.29664    5.50053   23.79717   -1.09887   -0.01262    1.08625 
 972.00000  -20.35678    5.48793   25.84471   -1.64153   -0.01259    1.62894 
 973.00000  -21.10108    5.47536   26.57644    0.32282   -0.01255   -0.33536 
 974.00000  -20.60290    5.46283   26.06574   -1.85406   -0.01251    1.84155 
 975.00000  -24.13940    5.45034   29.58974   -1.00024   -0.01247    0.98777 
 976.00000  -22.41453    5.43788   27.85241    0.75669   -0.01244   -0.76912 
 977.00000  -23.59113    5.42547   29.01660   -1.70952   -0.01240    1.69712 
 978.00000  -25.29703    5.41308   30.71012   -1.71364   -0.01236    1.70128 
 979.00000  -26.68518    5.40074   32.08592   -0.66802   -0.01233    0.65570 
 980.00000  -26.60315    5.38843   31.99158    0.51649   -0.01229   -0.52878 
 981.00000  -26.02373    5.37616   31.39989    0.21333   -0.01225   -0.22559 
 982.00000  -26.20339    5.36392   31.56731   -0.20790   -0.01222    0.19568 
 983.00000  -26.04713    5.35172   31.39885    0.96140   -0.01218   -0.97358 
 984.00000  -24.29560    5.33956   29.63516    2.15054   -0.01215   -2.16269 
 985.00000  -22.29822    5.32743   27.62565    1.20184   -0.01211   -1.21395 
 986.00000  -22.01862    5.31534   27.33396   -0.13752   -0.01208    0.12544 
 987.00000  -22.25341    5.30328   27.55669   -0.17430   -0.01204    0.16226 
 988.00000  -22.28689    5.29126   27.57815   -0.20910   -0.01201    0.19709 
 989.00000  -22.35274    5.27927   27.63201    1.15317   -0.01197   -1.16514 
 990.00000  -20.30413    5.26732   25.57145    1.23094   -0.01194   -1.24288 
 991.00000  -20.22942    5.25540   25.48482   -0.11160   -0.01190    0.09970 
 992.00000  -20.07165    5.24352   25.31517    0.64415   -0.01187   -0.65602 
 993.00000  -19.15372    5.23167   24.38538    0.41018   -0.01183   -0.42201 
 994.00000  -19.42830    5.21985   24.64815   -0.73607   -0.01180    0.72427 
 995.00000  -20.00477    5.20807   25.21284    0.79089   -0.01176   -0.80265 
 996.00000  -18.04719    5.19632   23.24352    1.46016   -0.01173   -1.47189 
 997.00000  -17.59553    5.18461   22.78014    0.07353   -0.01170   -0.08522 
 998.00000  -17.67635    5.17293   22.84928   -0.17362   -0.01166    0.16196 
 999.00000  -17.92035    5.16129   23.08163   -0.35350   -0.01163    0.34187 
1000.00000  -14.28256    5.14967   19.43223    0.00000   -0.01160   -0.01160 
