  0.000010   1.672078   0.037412
  0.000010   1.672065   0.038708
  0.000011   1.672024   0.040010
  0.000011   1.671957   0.041321
  0.000011   1.671864   0.042646
  0.000012   1.671746   0.043989
  0.000012   1.671602   0.045356
  0.000012   1.671433   0.046750
  0.000013   1.671240   0.048174
  0.000013   1.671023   0.049633
  0.000014   1.670782   0.051130
  0.000014   1.670516   0.052668
  0.000014   1.670227   0.054250
  0.000015   1.669913   0.055879
  0.000015   1.669576   0.057558
  0.000016   1.669214   0.059289
  0.000016   1.668826   0.061074
  0.000017   1.668414   0.062915
  0.000017   1.667975   0.064813
  0.000018   1.667508   0.066772
  0.000019   1.667014   0.068792
  0.000019   1.666490   0.070874
  0.000020   1.665935   0.073020
  0.000020   1.665348   0.075231
  0.000021   1.664726   0.077508
  0.000022   1.664069   0.079853
  0.000022   1.663373   0.082265
  0.000023   1.662636   0.084746
  0.000024   1.661856   0.087297
  0.000025   1.661030   0.089918
  0.000025   1.660155   0.092610
  0.000026   1.659227   0.095375
  0.000027   1.658245   0.098213
  0.000028   1.657203   0.101124
  0.000029   1.656099   0.104109
  0.000030   1.654928   0.107170
  0.000030   1.653686   0.110306
  0.000031   1.652370   0.113518
  0.000032   1.650975   0.116806
  0.000033   1.649497   0.120172
  0.000034   1.647931   0.123614
  0.000036   1.646273   0.127134
  0.000037   1.644518   0.130729
  0.000038   1.642662   0.134401
  0.000039   1.640699   0.138147
  0.000040   1.638624   0.141967
  0.000041   1.636432   0.145860
  0.000043   1.634117   0.149822
  0.000044   1.631674   0.153853
  0.000045   1.629097   0.157948
  0.000047   1.626380   0.162106
  0.000048   1.623518   0.166323
  0.000050   1.620505   0.170595
  0.000051   1.617334   0.174918
  0.000053   1.614001   0.179286
  0.000055   1.610500   0.183695
  0.000056   1.606825   0.188137
  0.000058   1.602970   0.192608
  0.000060   1.598932   0.197100
  0.000062   1.594705   0.201604
  0.000064   1.590285   0.206115
  0.000066   1.585667   0.210622
  0.000068   1.580849   0.215116
  0.000070   1.575826   0.219588
  0.000072   1.570597   0.224029
  0.000075   1.565159   0.228426
  0.000077   1.559511   0.232770
  0.000079   1.553653   0.237049
  0.000082   1.547584   0.241252
  0.000084   1.541306   0.245366
  0.000087   1.534820   0.249379
  0.000090   1.528129   0.253280
  0.000093   1.521237   0.257056
  0.000096   1.514147   0.260695
  0.000098   1.506867   0.264184
  0.000102   1.499401   0.267511
  0.000105   1.491757   0.270666
  0.000108   1.483944   0.273636
  0.000111   1.475970   0.276410
  0.000115   1.467846   0.278979
  0.000119   1.459582   0.281332
  0.000122   1.451191   0.283460
  0.000126   1.442684   0.285355
  0.000130   1.434075   0.287009
  0.000134   1.425378   0.288416
  0.000138   1.416607   0.289569
  0.000143   1.407776   0.290465
  0.000147   1.398901   0.291099
  0.000152   1.389997   0.291469
  0.000157   1.381080   0.291574
  0.000162   1.372166   0.291413
  0.000167   1.363270   0.290986
  0.000172   1.354407   0.290296
  0.000177   1.345594   0.289346
  0.000183   1.336844   0.288139
  0.000189   1.328173   0.286681
  0.000194   1.319595   0.284978
  0.000201   1.311124   0.283037
  0.000207   1.302771   0.280865
  0.000213   1.294550   0.278471
  0.000220   1.286473   0.275865
  0.000227   1.278549   0.273057
  0.000234   1.270788   0.270057
  0.000241   1.263199   0.266876
  0.000249   1.255791   0.263527
  0.000257   1.248570   0.260020
  0.000265   1.241543   0.256368
  0.000273   1.234713   0.252583
  0.000282   1.228087   0.248677
  0.000291   1.221666   0.244663
  0.000300   1.215454   0.240553
  0.000309   1.209451   0.236359
  0.000319   1.203659   0.232093
  0.000329   1.198077   0.227766
  0.000339   1.192705   0.223390
  0.000350   1.187541   0.218975
  0.000361   1.182583   0.214532
  0.000372   1.177827   0.210071
  0.000384   1.173272   0.205601
  0.000396   1.168912   0.201131
  0.000408   1.164745   0.196671
  0.000421   1.160764   0.192227
  0.000434   1.156966   0.187807
  0.000448   1.153346   0.183419
  0.000462   1.149897   0.179067
  0.000477   1.146615   0.174759
  0.000491   1.143493   0.170500
  0.000507   1.140527   0.166293
  0.000523   1.137710   0.162144
  0.000539   1.135036   0.158056
  0.000556   1.132500   0.154033
  0.000574   1.130096   0.150078
  0.000592   1.127819   0.146193
  0.000610   1.125662   0.142380
  0.000629   1.123621   0.138641
  0.000649   1.121690   0.134978
  0.000670   1.119863   0.131392
  0.000691   1.118137   0.127884
  0.000712   1.116505   0.124454
  0.000735   1.114963   0.121103
  0.000758   1.113507   0.117831
  0.000781   1.112132   0.114638
  0.000806   1.110835   0.111524
  0.000831   1.109610   0.108488
  0.000857   1.108454   0.105530
  0.000884   1.107363   0.102650
  0.000912   1.106335   0.099846
  0.000941   1.105364   0.097118
  0.000970   1.104449   0.094465
  0.001001   1.103586   0.091886
  0.001032   1.102772   0.089380
  0.001064   1.102005   0.086945
  0.001098   1.101281   0.084582
  0.001132   1.100599   0.082287
  0.001168   1.099955   0.080061
  0.001205   1.099348   0.077902
  0.001242   1.098775   0.075809
  0.001281   1.098235   0.073780
  0.001322   1.097725   0.071815
  0.001363   1.097244   0.069911
  0.001406   1.096790   0.068069
  0.001450   1.096360   0.066286
  0.001496   1.095955   0.064561
  0.001543   1.095572   0.062894
  0.001591   1.095209   0.061282
  0.001641   1.094866   0.059725
  0.001692   1.094542   0.058221
  0.001746   1.094234   0.056770
  0.001800   1.093942   0.055370
  0.001857   1.093665   0.054021
  0.001915   1.093402   0.052720
  0.001975   1.093151   0.051467
  0.002037   1.092912   0.050262
  0.002101   1.092685   0.049102
  0.002167   1.092467   0.047987
  0.002235   1.092259   0.046917
  0.002305   1.092059   0.045889
  0.002378   1.091867   0.044904
  0.002453   1.091682   0.043960
  0.002530   1.091504   0.043057
  0.002609   1.091331   0.042194
  0.002691   1.091163   0.041369
  0.002775   1.090999   0.040583
  0.002862   1.090840   0.039834
  0.002952   1.090683   0.039121
  0.003045   1.090530   0.038445
  0.003141   1.090378   0.037804
  0.003239   1.090228   0.037198
  0.003341   1.090079   0.036626
  0.003446   1.089930   0.036088
  0.003554   1.089781   0.035582
  0.003666   1.089631   0.035109
  0.003781   1.089480   0.034668
  0.003899   1.089328   0.034257
  0.004022   1.089173   0.033878
  0.004148   1.089015   0.033529
  0.004278   1.088854   0.033209
  0.004412   1.088689   0.032919
  0.004551   1.088519   0.032658
  0.004694   1.088345   0.032424
  0.004841   1.088164   0.032219
  0.004993   1.087978   0.032041
  0.005150   1.087784   0.031890
  0.005312   1.087583   0.031766
  0.005478   1.087374   0.031667
  0.005650   1.087156   0.031594
  0.005828   1.086928   0.031546
  0.006011   1.086691   0.031522
  0.006199   1.086443   0.031523
  0.006394   1.086183   0.031547
  0.006595   1.085911   0.031594
  0.006802   1.085626   0.031663
  0.007015   1.085328   0.031753
  0.007236   1.085015   0.031865
  0.007463   1.084688   0.031997
  0.007697   1.084344   0.032149
  0.007939   1.083984   0.032320
  0.008188   1.083607   0.032509
  0.008445   1.083212   0.032715
  0.008710   1.082798   0.032938
  0.008984   1.082365   0.033176
  0.009266   1.081911   0.033428
  0.009557   1.081438   0.033694
  0.009857   1.080943   0.033973
  0.010166   1.080426   0.034263
  0.010485   1.079886   0.034562
  0.010814   1.079324   0.034871
  0.011154   1.078739   0.035187
  0.011504   1.078130   0.035509
  0.011865   1.077498   0.035836
  0.012238   1.076841   0.036167
  0.012622   1.076160   0.036500
  0.013018   1.075454   0.036833
  0.013427   1.074724   0.037165
  0.013848   1.073971   0.037495
  0.014283   1.073193   0.037821
  0.014732   1.072391   0.038142
  0.015194   1.071566   0.038456
  0.015671   1.070719   0.038761
  0.016163   1.069849   0.039056
  0.016671   1.068958   0.039341
  0.017194   1.068046   0.039612
  0.017734   1.067115   0.039870
  0.018290   1.066165   0.040112
  0.018865   1.065197   0.040338
  0.019457   1.064213   0.040546
  0.020068   1.063214   0.040736
  0.020698   1.062200   0.040906
  0.021348   1.061175   0.041056
  0.022018   1.060138   0.041185
  0.022709   1.059092   0.041292
  0.023422   1.058037   0.041377
  0.024157   1.056976   0.041439
  0.024916   1.055910   0.041479
  0.025698   1.054841   0.041495
  0.026505   1.053769   0.041488
  0.027337   1.052697   0.041459
  0.028195   1.051627   0.041406
  0.029080   1.050559   0.041331
  0.029993   1.049494   0.041234
  0.030935   1.048435   0.041116
  0.031906   1.047383   0.040976
  0.032907   1.046338   0.040817
  0.033941   1.045302   0.040637
  0.035006   1.044276   0.040439
  0.036105   1.043261   0.040223
  0.037239   1.042258   0.039990
  0.038408   1.041266   0.039741
  0.039614   1.040288   0.039477
  0.040857   1.039323   0.039200
  0.042140   1.038373   0.038909
  0.043463   1.037436   0.038606
  0.044827   1.036515   0.038291
  0.046235   1.035608   0.037967
  0.047686   1.034715   0.037634
  0.049183   1.033838   0.037292
  0.050727   1.032976   0.036943
  0.052320   1.032128   0.036587
  0.053962   1.031295   0.036225
  0.055657   1.030477   0.035858
  0.057404   1.029672   0.035487
  0.059206   1.028881   0.035111
  0.061065   1.028104   0.034732
  0.062982   1.027340   0.034349
  0.064959   1.026588   0.033964
  0.066998   1.025850   0.033576
  0.069102   1.025123   0.033186
  0.071271   1.024408   0.032794
  0.073509   1.023705   0.032401
  0.075817   1.023013   0.032005
  0.078197   1.022332   0.031608
  0.080652   1.021662   0.031209
  0.083184   1.021003   0.030809
  0.085795   1.020353   0.030407
  0.088489   1.019715   0.030004
  0.091267   1.019086   0.029598
  0.094132   1.018467   0.029191
  0.097087   1.017859   0.028783
  0.100135   1.017261   0.028372
  0.103279   1.016673   0.027960
  0.106521   1.016095   0.027545
  0.109866   1.015527   0.027129
  0.113315   1.014970   0.026711
  0.116872   1.014424   0.026291
  0.120541   1.013888   0.025870
  0.124326   1.013364   0.025446
  0.128229   1.012850   0.025021
  0.132254   1.012348   0.024594
  0.136407   1.011857   0.024166
  0.140689   1.011377   0.023737
  0.145106   1.010909   0.023307
  0.149661   1.010454   0.022876
  0.154360   1.010010   0.022445
  0.159206   1.009579   0.022014
  0.164204   1.009159   0.021582
  0.169359   1.008753   0.021151
  0.174676   1.008358   0.020721
  0.180160   1.007976   0.020292
  0.185816   1.007606   0.019864
  0.191650   1.007249   0.019438
  0.197666   1.006905   0.019015
  0.203872   1.006572   0.018593
  0.210272   1.006252   0.018175
  0.216874   1.005944   0.017760
  0.223682   1.005648   0.017348
  0.230705   1.005363   0.016940
  0.237948   1.005090   0.016537
  0.245418   1.004829   0.016137
  0.253123   1.004578   0.015743
  0.261069   1.004339   0.015354
  0.269265   1.004110   0.014969
  0.277719   1.003892   0.014591
  0.286438   1.003683   0.014218
  0.295430   1.003485   0.013851
  0.304705   1.003295   0.013490
  0.314271   1.003115   0.013135
  0.324138   1.002944   0.012787
  0.334314   1.002781   0.012445
  0.344809   1.002627   0.012110
  0.355634   1.002480   0.011782
  0.366799   1.002341   0.011460
  0.378315   1.002209   0.011145
  0.390192   1.002084   0.010837
  0.402442   1.001965   0.010535
  0.415076   1.001853   0.010240
  0.428107   1.001747   0.009953
  0.441547   1.001647   0.009671
  0.455409   1.001552   0.009397
  0.469707   1.001462   0.009129
  0.484453   1.001378   0.008868
  0.499662   1.001298   0.008613
  0.515349   1.001222   0.008365
  0.531528   1.001151   0.008123
  0.548215   1.001084   0.007887
  0.565426   1.001021   0.007658
  0.583177   1.000961   0.007435
  0.601485   1.000905   0.007217
  0.620369   1.000851   0.007006
  0.639845   1.000801   0.006800
  0.659932   1.000754   0.006599
  0.680651   1.000710   0.006405
  0.702019   1.000668   0.006215
  0.724059   1.000628   0.006031
  0.746790   1.000591   0.005852
  0.770235   1.000556   0.005678
  0.794416   1.000523   0.005509
  0.819357   1.000492   0.005345
  0.845080   1.000463   0.005186
  0.871611   1.000436   0.005031
  0.898974   1.000410   0.004880
  0.927197   1.000385   0.004734
  0.956306   1.000362   0.004592
  0.986329   1.000341   0.004455
  1.017294   1.000321   0.004321
  1.049231   1.000302   0.004191
  1.082172   1.000284   0.004065
  1.116146   1.000267   0.003943
  1.151186   1.000251   0.003824
  1.187327   1.000236   0.003709
  1.224603   1.000222   0.003597
  1.263049   1.000208   0.003488
  1.302701   1.000196   0.003383
  1.343599   1.000184   0.003281
  1.385780   1.000173   0.003182
  1.429286   1.000163   0.003086
  1.474158   1.000153   0.002992
  1.520438   1.000144   0.002902
  1.568172   1.000135   0.002814
  1.617403   1.000127   0.002729
  1.668181   1.000120   0.002646
  1.720553   1.000113   0.002566
  1.774568   1.000106   0.002488
  1.830280   1.000100   0.002413
  1.887741   1.000094   0.002340
  1.947005   1.000088   0.002269
  2.008130   1.000083   0.002200
  2.071174   1.000078   0.002133
  2.136198   1.000073   0.002068
  2.203263   1.000069   0.002006
  2.272433   1.000065   0.001945
  2.343775   1.000061   0.001886
  2.417356   1.000057   0.001828
  2.493248   1.000054   0.001773
  2.571522   1.000050   0.001719
  2.652253   1.000047   0.001667
  2.735519   1.000045   0.001616
  2.821399   1.000042   0.001567
  2.909976   1.000039   0.001519
  3.001333   1.000037   0.001473
  3.095558   1.000035   0.001428
  3.192741   1.000033   0.001385
  3.292976   1.000031   0.001343
  3.396357   1.000029   0.001302
  3.502984   1.000027   0.001263
  3.612958   1.000026   0.001224
  3.726385   1.000024   0.001187
  3.843372   1.000023   0.001151
  3.964033   1.000021   0.001116
  4.088482   1.000020   0.001082
  4.216837   1.000019   0.001049
  4.349223   1.000018   0.001017
  4.485764   1.000017   0.000986
  4.626592   1.000016   0.000956
  4.771841   1.000015   0.000927
  4.921651   1.000014   0.000899
  5.076163   1.000013   0.000872
  5.235527   1.000012   0.000845
  5.399893   1.000011   0.000819
  5.569420   1.000011   0.000794
  5.744269   1.000010   0.000770
  5.924607   1.000010   0.000747
  6.110606   1.000009   0.000724
  6.302446   1.000008   0.000702
  6.500307   1.000008   0.000681
  6.704381   1.000007   0.000660
  6.914861   1.000007   0.000640
  7.131950   1.000007   0.000620
  7.355853   1.000006   0.000602
  7.586786   1.000006   0.000583
  7.824969   1.000005   0.000565
  8.070630   1.000005   0.000548
  8.324003   1.000005   0.000532
  8.585330   1.000005   0.000515
  8.854862   1.000004   0.000500
  9.132855   1.000004   0.000484
  9.419576   1.000004   0.000470
  9.715299   1.000004   0.000455
 10.020305   1.000003   0.000442
 10.334887   1.000003   0.000428
 10.659345   1.000003   0.000415
 10.993989   1.000003   0.000402
 11.339140   1.000003   0.000390
 11.695126   1.000002   0.000378
 12.062288   1.000002   0.000367
 12.440977   1.000002   0.000356
 12.831554   1.000002   0.000345
 13.234394   1.000002   0.000334
 13.649880   1.000002   0.000324
 14.078411   1.000002   0.000314
 14.520395   1.000002   0.000305
 14.976254   1.000001   0.000295
 15.446426   1.000001   0.000286
 15.931358   1.000001   0.000278
 16.431514   1.000001   0.000269
 16.947372   1.000001   0.000261
 17.479426   1.000001   0.000253
 18.028183   1.000001   0.000246
 18.594167   1.000001   0.000238
 19.177921   1.000001   0.000231
 19.780001   1.000001   0.000224
 20.400984   1.000001   0.000217
 21.041461   1.000001   0.000210
 21.702046   1.000001   0.000204
 22.383370   1.000001   0.000198
 23.086084   1.000001   0.000191
 23.810859   1.000001   0.000185
 24.558387   1.000001   0.000179
 25.329384   1.000001   0.000174
 26.124586   1.000000   0.000168
 26.944753   1.000000   0.000163
 27.790669   1.000000   0.000157
 28.663142   1.000000   0.000152
 29.563005   1.000000   0.000147
 30.491120   1.000000   0.000143
 31.448371   1.000000   0.000138
 32.435676   1.000000   0.000134
 33.453976   1.000000   0.000129
 34.504245   1.000000   0.000125
 35.587487   1.000000   0.000122
 36.704736   1.000000   0.000118
 37.857061   1.000000   0.000115
 39.045563   1.000000   0.000112
 40.271377   1.000000   0.000109
 41.535674   1.000000   0.000107
 42.839664   1.000000   0.000105
 44.184592   1.000000   0.000103
 45.571743   1.000000   0.000102
 47.002442   1.000000   0.000101
 48.478058   1.000000   0.000100
 50.000000   1.000000   0.000100
